14
20
[8, 17]
[10, 17]
[4, 17]
[12, 17]
[16, 17]
[17, 18]
[0, 17]
[2, 17]
[6, 17]
[8, 19]
[10, 19]
[4, 19]
[12, 19]
[16, 19]
[18, 19]
[0, 19]
[2, 19]
[6, 19]
[4, 8]
[4, 10]
[4, 8]
[4, 10]
[4, 17]
[4, 19]
[4, 7]
[4, 13]
[4, 8, 12]
[4, 10, 12]
[4, 12, 17]
[4, 12, 19]
[4, 7, 12]
[4, 12, 13]
[4, 8]
[4, 10]
[4, 17]
[4, 19]
[4, 7]
[4, 13]
[4, 8]
[4, 10]
[4, 17]
[4, 19]
[4, 7]
[4, 13]
[0, 4, 8]
[0, 4, 10]
[0, 4, 17]
[0, 4, 19]
[0, 4, 7]
[0, 4, 13]
[2, 4, 8]
[2, 4, 10]
[2, 4, 17]
[2, 4, 19]
[2, 4, 7]
[2, 4, 13]
[4, 6, 8]
[4, 6, 10]
[4, 6, 17]
[4, 6, 19]
[4, 6, 7]
[4, 6, 13]
[8, 15]
[10, 15]
[4, 8, 15]
[4, 10, 15]
[4, 15, 17]
[4, 15, 19]
[4, 7, 15]
[4, 13, 15]
[8, 12, 15]
[10, 12, 15]
[12, 15, 17]
[12, 15, 19]
[7, 12, 15]
[12, 13, 15]
[8, 15, 16]
[10, 15, 16]
[15, 16, 17]
[15, 16, 19]
[7, 15, 16]
[13, 15, 16]
[8, 15, 18]
[10, 15, 18]
[15, 17, 18]
[15, 18, 19]
[7, 15, 18]
[13, 15, 18]
[0, 8, 15]
[0, 10, 15]
[0, 15, 17]
[0, 15, 19]
[0, 7, 15]
[0, 13, 15]
[2, 8, 15]
[2, 10, 15]
[2, 15, 17]
[2, 15, 19]
[2, 7, 15]
[2, 13, 15]
[6, 8, 15]
[6, 10, 15]
[6, 15, 17]
[6, 15, 19]
[6, 7, 15]
[6, 13, 15]
[8, 16]
[10, 16]
[8, 16]
[10, 16]
[16, 17]
[16, 19]
[7, 16]
[13, 16]
[8, 12, 16]
[10, 12, 16]
[12, 16, 17]
[12, 16, 19]
[7, 12, 16]
[12, 13, 16]
[8, 16]
[10, 16]
[16, 17]
[16, 19]
[7, 16]
[13, 16]
[8, 16]
[10, 16]
[16, 17]
[16, 19]
[7, 16]
[13, 16]
[0, 8, 16]
[0, 10, 16]
[0, 16, 17]
[0, 16, 19]
[0, 7, 16]
[0, 13, 16]
[2, 8, 16]
[2, 10, 16]
[2, 16, 17]
[2, 16, 19]
[2, 7, 16]
[2, 13, 16]
[6, 8, 16]
[6, 10, 16]
[6, 16, 17]
[6, 16, 19]
[6, 7, 16]
[6, 13, 16]
[8, 18]
[10, 18]
[8, 18]
[10, 18]
[17, 18]
[18, 19]
[7, 18]
[13, 18]
[8, 12, 18]
[10, 12, 18]
[12, 17, 18]
[12, 18, 19]
[7, 12, 18]
[12, 13, 18]
[8, 18]
[10, 18]
[17, 18]
[18, 19]
[7, 18]
[13, 18]
[8, 18]
[10, 18]
[17, 18]
[18, 19]
[7, 18]
[13, 18]
[0, 8, 18]
[0, 10, 18]
[0, 17, 18]
[0, 18, 19]
[0, 7, 18]
[0, 13, 18]
[2, 8, 18]
[2, 10, 18]
[2, 17, 18]
[2, 18, 19]
[2, 7, 18]
[2, 13, 18]
[6, 8, 18]
[6, 10, 18]
[6, 17, 18]
[6, 18, 19]
[6, 7, 18]
[6, 13, 18]
[1, 8]
[1, 10]
[1, 4, 8]
[1, 4, 10]
[1, 4, 17]
[1, 4, 19]
[1, 4, 7]
[1, 4, 13]
[1, 8, 12]
[1, 10, 12]
[1, 12, 17]
[1, 12, 19]
[1, 7, 12]
[1, 12, 13]
[1, 8, 16]
[1, 10, 16]
[1, 16, 17]
[1, 16, 19]
[1, 7, 16]
[1, 13, 16]
[1, 8, 18]
[1, 10, 18]
[1, 17, 18]
[1, 18, 19]
[1, 7, 18]
[1, 13, 18]
[0, 1, 8]
[0, 1, 10]
[0, 1, 17]
[0, 1, 19]
[0, 1, 7, 8]
[0, 1, 7, 10]
[0, 1, 7, 17]
[0, 1, 7, 19]
[0, 1, 4, 7]
[0, 1, 7, 12]
[0, 1, 7, 15]
[0, 1, 7, 16]
[0, 1, 7, 18]
[0, 1, 8, 13]
[0, 1, 10, 13]
[0, 1, 13, 17]
[0, 1, 13, 19]
[0, 1, 4, 13]
[0, 1, 12, 13]
[0, 1, 13, 15]
[0, 1, 13, 16]
[0, 1, 13, 18]
[1, 2, 8]
[1, 2, 10]
[1, 2, 17]
[1, 2, 19]
[1, 2, 7, 8]
[1, 2, 7, 10]
[1, 2, 7, 17]
[1, 2, 7, 19]
[1, 2, 4, 7]
[1, 2, 7, 12]
[1, 2, 7, 15]
[1, 2, 7, 16]
[1, 2, 7, 18]
[1, 2, 8, 13]
[1, 2, 10, 13]
[1, 2, 13, 17]
[1, 2, 13, 19]
[1, 2, 4, 13]
[1, 2, 12, 13]
[1, 2, 13, 15]
[1, 2, 13, 16]
[1, 2, 13, 18]
[1, 6, 8]
[1, 6, 10]
[1, 6, 17]
[1, 6, 19]
[1, 6, 7, 8]
[1, 6, 7, 10]
[1, 6, 7, 17]
[1, 6, 7, 19]
[1, 4, 6, 7]
[1, 6, 7, 12]
[1, 6, 7, 15]
[1, 6, 7, 16]
[1, 6, 7, 18]
[1, 6, 8, 13]
[1, 6, 10, 13]
[1, 6, 13, 17]
[1, 6, 13, 19]
[1, 4, 6, 13]
[1, 6, 12, 13]
[1, 6, 13, 15]
[1, 6, 13, 16]
[1, 6, 13, 18]
[5, 8]
[5, 10]
[4, 5, 8]
[4, 5, 10]
[4, 5, 17]
[4, 5, 19]
[4, 5, 7]
[4, 5, 13]
[5, 8, 12]
[5, 10, 12]
[5, 12, 17]
[5, 12, 19]
[5, 7, 12]
[5, 12, 13]
[5, 8, 16]
[5, 10, 16]
[5, 16, 17]
[5, 16, 19]
[5, 7, 16]
[5, 13, 16]
[5, 8, 18]
[5, 10, 18]
[5, 17, 18]
[5, 18, 19]
[5, 7, 18]
[5, 13, 18]
[0, 5, 8]
[0, 5, 10]
[0, 5, 17]
[0, 5, 19]
[0, 5, 7, 8]
[0, 5, 7, 10]
[0, 5, 7, 17]
[0, 5, 7, 19]
[0, 4, 5, 7]
[0, 5, 7, 12]
[0, 5, 7, 15]
[0, 5, 7, 16]
[0, 5, 7, 18]
[0, 5, 8, 13]
[0, 5, 10, 13]
[0, 5, 13, 17]
[0, 5, 13, 19]
[0, 4, 5, 13]
[0, 5, 12, 13]
[0, 5, 13, 15]
[0, 5, 13, 16]
[0, 5, 13, 18]
[2, 5, 8]
[2, 5, 10]
[2, 5, 17]
[2, 5, 19]
[2, 5, 7, 8]
[2, 5, 7, 10]
[2, 5, 7, 17]
[2, 5, 7, 19]
[2, 4, 5, 7]
[2, 5, 7, 12]
[2, 5, 7, 15]
[2, 5, 7, 16]
[2, 5, 7, 18]
[2, 5, 8, 13]
[2, 5, 10, 13]
[2, 5, 13, 17]
[2, 5, 13, 19]
[2, 4, 5, 13]
[2, 5, 12, 13]
[2, 5, 13, 15]
[2, 5, 13, 16]
[2, 5, 13, 18]
[5, 6, 8]
[5, 6, 10]
[5, 6, 17]
[5, 6, 19]
[5, 6, 7, 8]
[5, 6, 7, 10]
[5, 6, 7, 17]
[5, 6, 7, 19]
[4, 5, 6, 7]
[5, 6, 7, 12]
[5, 6, 7, 15]
[5, 6, 7, 16]
[5, 6, 7, 18]
[5, 6, 8, 13]
[5, 6, 10, 13]
[5, 6, 13, 17]
[5, 6, 13, 19]
[4, 5, 6, 13]
[5, 6, 12, 13]
[5, 6, 13, 15]
[5, 6, 13, 16]
[5, 6, 13, 18]
[8, 21]
[10, 21]
[4, 8, 21]
[4, 10, 21]
[4, 17, 21]
[4, 19, 21]
[4, 7, 21]
[4, 13, 21]
[8, 12, 21]
[10, 12, 21]
[12, 17, 21]
[12, 19, 21]
[7, 12, 21]
[12, 13, 21]
[8, 16, 21]
[10, 16, 21]
[16, 17, 21]
[16, 19, 21]
[7, 16, 21]
[13, 16, 21]
[8, 18, 21]
[10, 18, 21]
[17, 18, 21]
[18, 19, 21]
[7, 18, 21]
[13, 18, 21]
[0, 8, 21]
[0, 10, 21]
[0, 17, 21]
[0, 19, 21]
[0, 7, 8, 21]
[0, 7, 10, 21]
[0, 7, 17, 21]
[0, 7, 19, 21]
[0, 4, 7, 21]
[0, 7, 12, 21]
[0, 7, 15, 21]
[0, 7, 16, 21]
[0, 7, 18, 21]
[0, 8, 13, 21]
[0, 10, 13, 21]
[0, 13, 17, 21]
[0, 13, 19, 21]
[0, 4, 13, 21]
[0, 12, 13, 21]
[0, 13, 15, 21]
[0, 13, 16, 21]
[0, 13, 18, 21]
[2, 8, 21]
[2, 10, 21]
[2, 17, 21]
[2, 19, 21]
[2, 7, 8, 21]
[2, 7, 10, 21]
[2, 7, 17, 21]
[2, 7, 19, 21]
[2, 4, 7, 21]
[2, 7, 12, 21]
[2, 7, 15, 21]
[2, 7, 16, 21]
[2, 7, 18, 21]
[2, 8, 13, 21]
[2, 10, 13, 21]
[2, 13, 17, 21]
[2, 13, 19, 21]
[2, 4, 13, 21]
[2, 12, 13, 21]
[2, 13, 15, 21]
[2, 13, 16, 21]
[2, 13, 18, 21]
[6, 8, 21]
[6, 10, 21]
[6, 17, 21]
[6, 19, 21]
[6, 7, 8, 21]
[6, 7, 10, 21]
[6, 7, 17, 21]
[6, 7, 19, 21]
[4, 6, 7, 21]
[6, 7, 12, 21]
[6, 7, 15, 21]
[6, 7, 16, 21]
[6, 7, 18, 21]
[6, 8, 13, 21]
[6, 10, 13, 21]
[6, 13, 17, 21]
[6, 13, 19, 21]
[4, 6, 13, 21]
[6, 12, 13, 21]
[6, 13, 15, 21]
[6, 13, 16, 21]
[6, 13, 18, 21]
