14
20
150
152
154
156
158
160
162
166
168
170
174
176
178
180
182
184
186
188
190
194
196
198
202
204
206
208
210
212
214
216
218
220
222
224
228
230
232
236
238
240
242
244
246
248
250
252
256
258
260
264
266
268
270
272
274
276
[128, 259]
[8, 259]
[10, 259]
[130, 259]
[142, 259]
[16, 259]
[18, 259]
[148, 259]
[24, 259]
[132, 259]
[26, 259]
[28, 259]
[30, 259]
[32, 259]
[34, 259]
[36, 259]
[134, 259]
[38, 259]
[40, 259]
[42, 259]
[200, 259]
[44, 259]
[46, 259]
[48, 259]
[136, 259]
[50, 259]
[52, 259]
[54, 259]
[56, 259]
[58, 259]
[60, 259]
[138, 259]
[62, 259]
[64, 259]
[66, 259]
[68, 259]
[70, 259]
[72, 259]
[140, 259]
[74, 259]
[259, 262]
[76, 259]
[226, 259]
[78, 259]
[80, 259]
[82, 259]
[84, 259]
[86, 259]
[88, 259]
[164, 259]
[90, 259]
[92, 259]
[94, 259]
[96, 259]
[144, 259]
[98, 259]
[100, 259]
[102, 259]
[104, 259]
[106, 259]
[108, 259]
[146, 259]
[110, 259]
[112, 259]
[114, 259]
[116, 259]
[254, 259]
[118, 259]
[120, 259]
[122, 259]
[192, 259]
[124, 259]
[234, 259]
[126, 259]
[0, 259]
[2, 259]
[4, 259]
[6, 259]
[172, 259]
[12, 259]
[22, 259]
[128, 262]
[8, 262]
[10, 262]
[130, 262]
[142, 262]
[17, 262]
[19, 262]
[24, 262]
[26, 262]
[28, 262]
[30, 262]
[32, 262]
[34, 262]
[36, 262]
[38, 262]
[40, 262]
[42, 262]
[44, 262]
[46, 262]
[48, 262]
[50, 262]
[52, 262]
[54, 262]
[56, 262]
[58, 262]
[60, 262]
[62, 262]
[64, 262]
[66, 262]
[68, 262]
[70, 262]
[72, 262]
[74, 262]
[76, 262]
[78, 262]
[80, 262]
[82, 262]
[84, 262]
[86, 262]
[88, 262]
[90, 262]
[92, 262]
[94, 262]
[96, 262]
[98, 262]
[100, 262]
[102, 262]
[104, 262]
[106, 262]
[108, 262]
[110, 262]
[112, 262]
[114, 262]
[116, 262]
[118, 262]
[120, 262]
[122, 262]
[124, 262]
[126, 262]
[132, 262]
[134, 262]
[136, 262]
[138, 262]
[140, 262]
[144, 262]
[146, 262]
[148, 262]
[151, 262]
[153, 262]
[155, 262]
[157, 262]
[159, 262]
[161, 262]
[163, 262]
[165, 262]
[167, 262]
[169, 262]
[171, 262]
[173, 262]
[175, 262]
[177, 262]
[179, 262]
[181, 262]
[183, 262]
[185, 262]
[187, 262]
[189, 262]
[191, 262]
[193, 262]
[195, 262]
[197, 262]
[199, 262]
[201, 262]
[203, 262]
[205, 262]
[207, 262]
[209, 262]
[211, 262]
[213, 262]
[215, 262]
[217, 262]
[219, 262]
[221, 262]
[223, 262]
[225, 262]
[227, 262]
[229, 262]
[231, 262]
[233, 262]
[235, 262]
[237, 262]
[239, 262]
[241, 262]
[243, 262]
[245, 262]
[247, 262]
[249, 262]
[251, 262]
[253, 262]
[255, 262]
[257, 262]
[261, 262]
[262, 263]
[262, 265]
[262, 267]
[262, 269]
[262, 271]
[262, 273]
[262, 275]
[0, 262]
[1, 262]
[2, 262]
[5, 262]
[6, 262]
[12, 262]
[15, 262]
[21, 262]
[22, 262]
[31, 262]
[33, 262]
[35, 262]
[47, 262]
[49, 262]
[51, 262]
[55, 262]
[57, 262]
[59, 262]
[61, 262]
[63, 262]
[67, 262]
[69, 262]
[71, 262]
[75, 262]
[79, 262]
[81, 262]
[83, 262]
[87, 262]
[89, 262]
[91, 262]
[93, 262]
[95, 262]
[97, 262]
[101, 262]
[103, 262]
[105, 262]
[111, 262]
[113, 262]
[115, 262]
[119, 262]
[121, 262]
[123, 262]
[125, 262]
[129, 262]
[131, 262]
[133, 262]
[137, 262]
[139, 262]
[143, 262]
[145, 262]
[147, 262]
[262, 277]
[7, 262]
[13, 262]
[23, 262]
[25, 262]
[27, 262]
[29, 262]
[39, 262]
[41, 262]
[43, 262]
[53, 262]
[77, 262]
[85, 262]
[109, 262]
[117, 262]
[141, 262]
[149, 262]
[128, 257]
[8, 257]
[10, 257]
[130, 257]
[142, 257]
[16, 257]
[18, 257]
[148, 257]
[24, 257]
[132, 257]
[26, 257]
[28, 257]
[30, 257]
[32, 257]
[34, 257]
[36, 257]
[134, 257]
[38, 257]
[40, 257]
[42, 257]
[200, 257]
[44, 257]
[46, 257]
[48, 257]
[136, 257]
[50, 257]
[52, 257]
[54, 257]
[56, 257]
[58, 257]
[60, 257]
[138, 257]
[62, 257]
[64, 257]
[66, 257]
[68, 257]
[70, 257]
[72, 257]
[140, 257]
[74, 257]
[76, 257]
[226, 257]
[78, 257]
[80, 257]
[82, 257]
[84, 257]
[86, 257]
[88, 257]
[164, 257]
[90, 257]
[92, 257]
[94, 257]
[96, 257]
[144, 257]
[98, 257]
[100, 257]
[102, 257]
[104, 257]
[106, 257]
[108, 257]
[146, 257]
[110, 257]
[112, 257]
[114, 257]
[116, 257]
[254, 257]
[118, 257]
[120, 257]
[122, 257]
[192, 257]
[124, 257]
[234, 257]
[126, 257]
[0, 257]
[2, 257]
[4, 257]
[6, 257]
[172, 257]
[12, 257]
[22, 257]
[128, 265]
[8, 265]
[10, 265]
[130, 265]
[142, 265]
[16, 265]
[18, 265]
[148, 265]
[24, 265]
[132, 265]
[26, 265]
[28, 265]
[30, 265]
[32, 265]
[34, 265]
[36, 265]
[134, 265]
[38, 265]
[40, 265]
[42, 265]
[200, 265]
[44, 265]
[46, 265]
[48, 265]
[136, 265]
[50, 265]
[52, 265]
[54, 265]
[56, 265]
[58, 265]
[60, 265]
[138, 265]
[62, 265]
[64, 265]
[66, 265]
[68, 265]
[70, 265]
[72, 265]
[140, 265]
[74, 265]
[76, 265]
[226, 265]
[78, 265]
[80, 265]
[82, 265]
[84, 265]
[86, 265]
[88, 265]
[164, 265]
[90, 265]
[92, 265]
[94, 265]
[96, 265]
[144, 265]
[98, 265]
[100, 265]
[102, 265]
[104, 265]
[106, 265]
[108, 265]
[146, 265]
[110, 265]
[112, 265]
[114, 265]
[116, 265]
[254, 265]
[118, 265]
[120, 265]
[122, 265]
[192, 265]
[124, 265]
[234, 265]
[126, 265]
[0, 265]
[2, 265]
[4, 265]
[6, 265]
[172, 265]
[12, 265]
[22, 265]
[128, 261]
[8, 261]
[10, 261]
[130, 261]
[142, 261]
[16, 261]
[18, 261]
[148, 261]
[24, 261]
[132, 261]
[26, 261]
[28, 261]
[30, 261]
[32, 261]
[34, 261]
[36, 261]
[134, 261]
[38, 261]
[40, 261]
[42, 261]
[200, 261]
[44, 261]
[46, 261]
[48, 261]
[136, 261]
[50, 261]
[52, 261]
[54, 261]
[56, 261]
[58, 261]
[60, 261]
[138, 261]
[62, 261]
[64, 261]
[66, 261]
[68, 261]
[70, 261]
[72, 261]
[140, 261]
[74, 261]
[76, 261]
[226, 261]
[78, 261]
[80, 261]
[82, 261]
[84, 261]
[86, 261]
[88, 261]
[164, 261]
[90, 261]
[92, 261]
[94, 261]
[96, 261]
[144, 261]
[98, 261]
[100, 261]
[102, 261]
[104, 261]
[106, 261]
[108, 261]
[146, 261]
[110, 261]
[112, 261]
[114, 261]
[116, 261]
[254, 261]
[118, 261]
[120, 261]
[122, 261]
[192, 261]
[124, 261]
[234, 261]
[126, 261]
[0, 261]
[2, 261]
[4, 261]
[6, 261]
[172, 261]
[12, 261]
[22, 261]
[128, 267]
[8, 267]
[10, 267]
[130, 267]
[142, 267]
[16, 267]
[18, 267]
[148, 267]
[24, 267]
[132, 267]
[26, 267]
[28, 267]
[30, 267]
[32, 267]
[34, 267]
[36, 267]
[134, 267]
[38, 267]
[40, 267]
[42, 267]
[200, 267]
[44, 267]
[46, 267]
[48, 267]
[136, 267]
[50, 267]
[52, 267]
[54, 267]
[56, 267]
[58, 267]
[60, 267]
[138, 267]
[62, 267]
[64, 267]
[66, 267]
[68, 267]
[70, 267]
[72, 267]
[140, 267]
[74, 267]
[76, 267]
[226, 267]
[78, 267]
[80, 267]
[82, 267]
[84, 267]
[86, 267]
[88, 267]
[164, 267]
[90, 267]
[92, 267]
[94, 267]
[96, 267]
[144, 267]
[98, 267]
[100, 267]
[102, 267]
[104, 267]
[106, 267]
[108, 267]
[146, 267]
[110, 267]
[112, 267]
[114, 267]
[116, 267]
[254, 267]
[118, 267]
[120, 267]
[122, 267]
[192, 267]
[124, 267]
[234, 267]
[126, 267]
[0, 267]
[2, 267]
[4, 267]
[6, 267]
[172, 267]
[12, 267]
[22, 267]
[128, 273]
[8, 273]
[10, 273]
[130, 273]
[142, 273]
[16, 273]
[18, 273]
[148, 273]
[24, 273]
[132, 273]
[26, 273]
[28, 273]
[30, 273]
[32, 273]
[34, 273]
[36, 273]
[134, 273]
[38, 273]
[40, 273]
[42, 273]
[200, 273]
[44, 273]
[46, 273]
[48, 273]
[136, 273]
[50, 273]
[52, 273]
[54, 273]
[56, 273]
[58, 273]
[60, 273]
[138, 273]
[62, 273]
[64, 273]
[66, 273]
[68, 273]
[70, 273]
[72, 273]
[140, 273]
[74, 273]
[76, 273]
[226, 273]
[78, 273]
[80, 273]
[82, 273]
[84, 273]
[86, 273]
[88, 273]
[164, 273]
[90, 273]
[92, 273]
[94, 273]
[96, 273]
[144, 273]
[98, 273]
[100, 273]
[102, 273]
[104, 273]
[106, 273]
[108, 273]
[146, 273]
[110, 273]
[112, 273]
[114, 273]
[116, 273]
[254, 273]
[118, 273]
[120, 273]
[122, 273]
[192, 273]
[124, 273]
[234, 273]
[126, 273]
[0, 273]
[2, 273]
[4, 273]
[6, 273]
[172, 273]
[12, 273]
[22, 273]
[128, 269]
[8, 269]
[10, 269]
[130, 269]
[142, 269]
[16, 269]
[18, 269]
[148, 269]
[24, 269]
[132, 269]
[26, 269]
[28, 269]
[30, 269]
[32, 269]
[34, 269]
[36, 269]
[134, 269]
[38, 269]
[40, 269]
[42, 269]
[200, 269]
[44, 269]
[46, 269]
[48, 269]
[136, 269]
[50, 269]
[52, 269]
[54, 269]
[56, 269]
[58, 269]
[60, 269]
[138, 269]
[62, 269]
[64, 269]
[66, 269]
[68, 269]
[70, 269]
[72, 269]
[140, 269]
[74, 269]
[76, 269]
[226, 269]
[78, 269]
[80, 269]
[82, 269]
[84, 269]
[86, 269]
[88, 269]
[164, 269]
[90, 269]
[92, 269]
[94, 269]
[96, 269]
[144, 269]
[98, 269]
[100, 269]
[102, 269]
[104, 269]
[106, 269]
[108, 269]
[146, 269]
[110, 269]
[112, 269]
[114, 269]
[116, 269]
[254, 269]
[118, 269]
[120, 269]
[122, 269]
[192, 269]
[124, 269]
[234, 269]
[126, 269]
[0, 269]
[2, 269]
[4, 269]
[6, 269]
[172, 269]
[12, 269]
[22, 269]
[128, 275]
[8, 275]
[10, 275]
[130, 275]
[142, 275]
[16, 275]
[18, 275]
[148, 275]
[24, 275]
[132, 275]
[26, 275]
[28, 275]
[30, 275]
[32, 275]
[34, 275]
[36, 275]
[134, 275]
[38, 275]
[40, 275]
[42, 275]
[200, 275]
[44, 275]
[46, 275]
[48, 275]
[136, 275]
[50, 275]
[52, 275]
[54, 275]
[56, 275]
[58, 275]
[60, 275]
[138, 275]
[62, 275]
[64, 275]
[66, 275]
[68, 275]
[70, 275]
[72, 275]
[140, 275]
[74, 275]
[76, 275]
[226, 275]
[78, 275]
[80, 275]
[82, 275]
[84, 275]
[86, 275]
[88, 275]
[164, 275]
[90, 275]
[92, 275]
[94, 275]
[96, 275]
[144, 275]
[98, 275]
[100, 275]
[102, 275]
[104, 275]
[106, 275]
[108, 275]
[146, 275]
[110, 275]
[112, 275]
[114, 275]
[116, 275]
[254, 275]
[118, 275]
[120, 275]
[122, 275]
[192, 275]
[124, 275]
[234, 275]
[126, 275]
[0, 275]
[2, 275]
[4, 275]
[6, 275]
[172, 275]
[12, 275]
[22, 275]
[16, 128]
[8, 16]
[10, 16]
[16, 130]
[16, 142]
[16, 17]
[16, 19]
[16, 24]
[16, 26]
[16, 28]
[16, 30]
[16, 32]
[16, 34]
[16, 36]
[16, 38]
[16, 40]
[16, 42]
[16, 44]
[16, 46]
[16, 48]
[16, 50]
[16, 52]
[16, 54]
[16, 56]
[16, 58]
[16, 60]
[16, 62]
[16, 64]
[16, 66]
[16, 68]
[16, 70]
[16, 72]
[16, 74]
[16, 76]
[16, 78]
[16, 80]
[16, 82]
[16, 84]
[16, 86]
[16, 88]
[16, 90]
[16, 92]
[16, 94]
[16, 96]
[16, 98]
[16, 100]
[16, 102]
[16, 104]
[16, 106]
[16, 108]
[16, 110]
[16, 112]
[16, 114]
[16, 116]
[16, 118]
[16, 120]
[16, 122]
[16, 124]
[16, 126]
[16, 132]
[16, 134]
[16, 136]
[16, 138]
[16, 140]
[16, 144]
[16, 146]
[16, 148]
[16, 151]
[16, 153]
[16, 155]
[16, 157]
[16, 159]
[16, 161]
[16, 163]
[16, 165]
[16, 167]
[16, 169]
[16, 171]
[16, 173]
[16, 175]
[16, 177]
[16, 179]
[16, 181]
[16, 183]
[16, 185]
[16, 187]
[16, 189]
[16, 191]
[16, 193]
[16, 195]
[16, 197]
[16, 199]
[16, 201]
[16, 203]
[16, 205]
[16, 207]
[16, 209]
[16, 211]
[16, 213]
[16, 215]
[16, 217]
[16, 219]
[16, 221]
[16, 223]
[16, 225]
[16, 227]
[16, 229]
[16, 231]
[16, 233]
[16, 235]
[16, 237]
[16, 239]
[16, 241]
[16, 243]
[16, 245]
[16, 247]
[16, 249]
[16, 251]
[16, 253]
[16, 255]
[16, 263]
[16, 271]
[0, 16]
[1, 16]
[2, 16]
[5, 16]
[6, 16]
[12, 16]
[15, 16]
[16, 21]
[16, 22]
[16, 31]
[16, 33]
[16, 35]
[16, 47]
[16, 49]
[16, 51]
[16, 55]
[16, 57]
[16, 59]
[16, 61]
[16, 63]
[16, 67]
[16, 69]
[16, 71]
[16, 75]
[16, 79]
[16, 81]
[16, 83]
[16, 87]
[16, 89]
[16, 91]
[16, 93]
[16, 95]
[16, 97]
[16, 101]
[16, 103]
[16, 105]
[16, 111]
[16, 113]
[16, 115]
[16, 119]
[16, 121]
[16, 123]
[16, 125]
[16, 129]
[16, 131]
[16, 133]
[16, 137]
[16, 139]
[16, 143]
[16, 145]
[16, 147]
[16, 277]
[7, 16]
[13, 16]
[16, 23]
[16, 25]
[16, 27]
[16, 29]
[16, 39]
[16, 41]
[16, 43]
[16, 53]
[16, 77]
[16, 85]
[16, 109]
[16, 117]
[16, 141]
[16, 149]
[17, 128]
[8, 17]
[10, 17]
[17, 130]
[17, 142]
[17, 18]
[17, 148]
[17, 24]
[17, 132]
[17, 26]
[17, 28]
[17, 30]
[17, 32]
[17, 34]
[17, 36]
[17, 134]
[17, 38]
[17, 40]
[17, 42]
[17, 200]
[17, 44]
[17, 46]
[17, 48]
[17, 136]
[17, 50]
[17, 52]
[17, 54]
[17, 56]
[17, 58]
[17, 60]
[17, 138]
[17, 62]
[17, 64]
[17, 66]
[17, 68]
[17, 70]
[17, 72]
[17, 140]
[17, 74]
[17, 76]
[17, 226]
[17, 78]
[17, 80]
[17, 82]
[17, 84]
[17, 86]
[17, 88]
[17, 164]
[17, 90]
[17, 92]
[17, 94]
[17, 96]
[17, 144]
[17, 98]
[17, 100]
[17, 102]
[17, 104]
[17, 106]
[17, 108]
[17, 146]
[17, 110]
[17, 112]
[17, 114]
[17, 116]
[17, 254]
[17, 118]
[17, 120]
[17, 122]
[17, 192]
[17, 124]
[17, 234]
[17, 126]
[0, 17]
[2, 17]
[4, 17]
[6, 17]
[17, 172]
[12, 17]
[17, 22]
[18, 128]
[8, 18]
[10, 18]
[18, 130]
[18, 142]
[18, 19]
[18, 24]
[18, 26]
[18, 28]
[18, 30]
[18, 32]
[18, 34]
[18, 36]
[18, 38]
[18, 40]
[18, 42]
[18, 44]
[18, 46]
[18, 48]
[18, 50]
[18, 52]
[18, 54]
[18, 56]
[18, 58]
[18, 60]
[18, 62]
[18, 64]
[18, 66]
[18, 68]
[18, 70]
[18, 72]
[18, 74]
[18, 76]
[18, 78]
[18, 80]
[18, 82]
[18, 84]
[18, 86]
[18, 88]
[18, 90]
[18, 92]
[18, 94]
[18, 96]
[18, 98]
[18, 100]
[18, 102]
[18, 104]
[18, 106]
[18, 108]
[18, 110]
[18, 112]
[18, 114]
[18, 116]
[18, 118]
[18, 120]
[18, 122]
[18, 124]
[18, 126]
[18, 132]
[18, 134]
[18, 136]
[18, 138]
[18, 140]
[18, 144]
[18, 146]
[18, 148]
[18, 151]
[18, 153]
[18, 155]
[18, 157]
[18, 159]
[18, 161]
[18, 163]
[18, 165]
[18, 167]
[18, 169]
[18, 171]
[18, 173]
[18, 175]
[18, 177]
[18, 179]
[18, 181]
[18, 183]
[18, 185]
[18, 187]
[18, 189]
[18, 191]
[18, 193]
[18, 195]
[18, 197]
[18, 199]
[18, 201]
[18, 203]
[18, 205]
[18, 207]
[18, 209]
[18, 211]
[18, 213]
[18, 215]
[18, 217]
[18, 219]
[18, 221]
[18, 223]
[18, 225]
[18, 227]
[18, 229]
[18, 231]
[18, 233]
[18, 235]
[18, 237]
[18, 239]
[18, 241]
[18, 243]
[18, 245]
[18, 247]
[18, 249]
[18, 251]
[18, 253]
[18, 255]
[18, 263]
[18, 271]
[0, 18]
[1, 18]
[2, 18]
[5, 18]
[6, 18]
[12, 18]
[15, 18]
[18, 21]
[18, 22]
[18, 31]
[18, 33]
[18, 35]
[18, 47]
[18, 49]
[18, 51]
[18, 55]
[18, 57]
[18, 59]
[18, 61]
[18, 63]
[18, 67]
[18, 69]
[18, 71]
[18, 75]
[18, 79]
[18, 81]
[18, 83]
[18, 87]
[18, 89]
[18, 91]
[18, 93]
[18, 95]
[18, 97]
[18, 101]
[18, 103]
[18, 105]
[18, 111]
[18, 113]
[18, 115]
[18, 119]
[18, 121]
[18, 123]
[18, 125]
[18, 129]
[18, 131]
[18, 133]
[18, 137]
[18, 139]
[18, 143]
[18, 145]
[18, 147]
[18, 277]
[7, 18]
[13, 18]
[18, 23]
[18, 25]
[18, 27]
[18, 29]
[18, 39]
[18, 41]
[18, 43]
[18, 53]
[18, 77]
[18, 85]
[18, 109]
[18, 117]
[18, 141]
[18, 149]
[19, 128]
[8, 19]
[10, 19]
[19, 130]
[19, 142]
[19, 148]
[19, 24]
[19, 132]
[19, 26]
[19, 28]
[19, 30]
[19, 32]
[19, 34]
[19, 36]
[19, 134]
[19, 38]
[19, 40]
[19, 42]
[19, 200]
[19, 44]
[19, 46]
[19, 48]
[19, 136]
[19, 50]
[19, 52]
[19, 54]
[19, 56]
[19, 58]
[19, 60]
[19, 138]
[19, 62]
[19, 64]
[19, 66]
[19, 68]
[19, 70]
[19, 72]
[19, 140]
[19, 74]
[19, 76]
[19, 226]
[19, 78]
[19, 80]
[19, 82]
[19, 84]
[19, 86]
[19, 88]
[19, 164]
[19, 90]
[19, 92]
[19, 94]
[19, 96]
[19, 144]
[19, 98]
[19, 100]
[19, 102]
[19, 104]
[19, 106]
[19, 108]
[19, 146]
[19, 110]
[19, 112]
[19, 114]
[19, 116]
[19, 254]
[19, 118]
[19, 120]
[19, 122]
[19, 192]
[19, 124]
[19, 234]
[19, 126]
[0, 19]
[2, 19]
[4, 19]
[6, 19]
[19, 172]
[12, 19]
[19, 22]
[128, 151]
[8, 151]
[10, 151]
[130, 151]
[142, 151]
[148, 151]
[24, 151]
[132, 151]
[26, 151]
[28, 151]
[30, 151]
[32, 151]
[34, 151]
[36, 151]
[134, 151]
[38, 151]
[40, 151]
[42, 151]
[151, 200]
[44, 151]
[46, 151]
[48, 151]
[136, 151]
[50, 151]
[52, 151]
[54, 151]
[56, 151]
[58, 151]
[60, 151]
[138, 151]
[62, 151]
[64, 151]
[66, 151]
[68, 151]
[70, 151]
[72, 151]
[140, 151]
[74, 151]
[76, 151]
[151, 226]
[78, 151]
[80, 151]
[82, 151]
[84, 151]
[86, 151]
[88, 151]
[151, 164]
[90, 151]
[92, 151]
[94, 151]
[96, 151]
[144, 151]
[98, 151]
[100, 151]
[102, 151]
[104, 151]
[106, 151]
[108, 151]
[146, 151]
[110, 151]
[112, 151]
[114, 151]
[116, 151]
[151, 254]
[118, 151]
[120, 151]
[122, 151]
[151, 192]
[124, 151]
[151, 234]
[126, 151]
[0, 151]
[2, 151]
[4, 151]
[6, 151]
[151, 172]
[12, 151]
[22, 151]
[128, 153]
[8, 153]
[10, 153]
[130, 153]
[142, 153]
[148, 153]
[24, 153]
[132, 153]
[26, 153]
[28, 153]
[30, 153]
[32, 153]
[34, 153]
[36, 153]
[134, 153]
[38, 153]
[40, 153]
[42, 153]
[153, 200]
[44, 153]
[46, 153]
[48, 153]
[136, 153]
[50, 153]
[52, 153]
[54, 153]
[56, 153]
[58, 153]
[60, 153]
[138, 153]
[62, 153]
[64, 153]
[66, 153]
[68, 153]
[70, 153]
[72, 153]
[140, 153]
[74, 153]
[76, 153]
[153, 226]
[78, 153]
[80, 153]
[82, 153]
[84, 153]
[86, 153]
[88, 153]
[153, 164]
[90, 153]
[92, 153]
[94, 153]
[96, 153]
[144, 153]
[98, 153]
[100, 153]
[102, 153]
[104, 153]
[106, 153]
[108, 153]
[146, 153]
[110, 153]
[112, 153]
[114, 153]
[116, 153]
[153, 254]
[118, 153]
[120, 153]
[122, 153]
[153, 192]
[124, 153]
[153, 234]
[126, 153]
[0, 153]
[2, 153]
[4, 153]
[6, 153]
[153, 172]
[12, 153]
[22, 153]
[128, 155]
[8, 155]
[10, 155]
[130, 155]
[142, 155]
[148, 155]
[24, 155]
[132, 155]
[26, 155]
[28, 155]
[30, 155]
[32, 155]
[34, 155]
[36, 155]
[134, 155]
[38, 155]
[40, 155]
[42, 155]
[155, 200]
[44, 155]
[46, 155]
[48, 155]
[136, 155]
[50, 155]
[52, 155]
[54, 155]
[56, 155]
[58, 155]
[60, 155]
[138, 155]
[62, 155]
[64, 155]
[66, 155]
[68, 155]
[70, 155]
[72, 155]
[140, 155]
[74, 155]
[76, 155]
[155, 226]
[78, 155]
[80, 155]
[82, 155]
[84, 155]
[86, 155]
[88, 155]
[155, 164]
[90, 155]
[92, 155]
[94, 155]
[96, 155]
[144, 155]
[98, 155]
[100, 155]
[102, 155]
[104, 155]
[106, 155]
[108, 155]
[146, 155]
[110, 155]
[112, 155]
[114, 155]
[116, 155]
[155, 254]
[118, 155]
[120, 155]
[122, 155]
[155, 192]
[124, 155]
[155, 234]
[126, 155]
[0, 155]
[2, 155]
[4, 155]
[6, 155]
[155, 172]
[12, 155]
[22, 155]
[128, 157]
[8, 157]
[10, 157]
[130, 157]
[142, 157]
[148, 157]
[24, 157]
[132, 157]
[26, 157]
[28, 157]
[30, 157]
[32, 157]
[34, 157]
[36, 157]
[134, 157]
[38, 157]
[40, 157]
[42, 157]
[157, 200]
[44, 157]
[46, 157]
[48, 157]
[136, 157]
[50, 157]
[52, 157]
[54, 157]
[56, 157]
[58, 157]
[60, 157]
[138, 157]
[62, 157]
[64, 157]
[66, 157]
[68, 157]
[70, 157]
[72, 157]
[140, 157]
[74, 157]
[76, 157]
[157, 226]
[78, 157]
[80, 157]
[82, 157]
[84, 157]
[86, 157]
[88, 157]
[157, 164]
[90, 157]
[92, 157]
[94, 157]
[96, 157]
[144, 157]
[98, 157]
[100, 157]
[102, 157]
[104, 157]
[106, 157]
[108, 157]
[146, 157]
[110, 157]
[112, 157]
[114, 157]
[116, 157]
[157, 254]
[118, 157]
[120, 157]
[122, 157]
[157, 192]
[124, 157]
[157, 234]
[126, 157]
[0, 157]
[2, 157]
[4, 157]
[6, 157]
[157, 172]
[12, 157]
[22, 157]
[128, 159]
[8, 159]
[10, 159]
[130, 159]
[142, 159]
[148, 159]
[24, 159]
[132, 159]
[26, 159]
[28, 159]
[30, 159]
[32, 159]
[34, 159]
[36, 159]
[134, 159]
[38, 159]
[40, 159]
[42, 159]
[159, 200]
[44, 159]
[46, 159]
[48, 159]
[136, 159]
[50, 159]
[52, 159]
[54, 159]
[56, 159]
[58, 159]
[60, 159]
[138, 159]
[62, 159]
[64, 159]
[66, 159]
[68, 159]
[70, 159]
[72, 159]
[140, 159]
[74, 159]
[76, 159]
[159, 226]
[78, 159]
[80, 159]
[82, 159]
[84, 159]
[86, 159]
[88, 159]
[159, 164]
[90, 159]
[92, 159]
[94, 159]
[96, 159]
[144, 159]
[98, 159]
[100, 159]
[102, 159]
[104, 159]
[106, 159]
[108, 159]
[146, 159]
[110, 159]
[112, 159]
[114, 159]
[116, 159]
[159, 254]
[118, 159]
[120, 159]
[122, 159]
[159, 192]
[124, 159]
[159, 234]
[126, 159]
[0, 159]
[2, 159]
[4, 159]
[6, 159]
[159, 172]
[12, 159]
[22, 159]
[128, 161]
[8, 161]
[10, 161]
[130, 161]
[142, 161]
[148, 161]
[24, 161]
[132, 161]
[26, 161]
[28, 161]
[30, 161]
[32, 161]
[34, 161]
[36, 161]
[134, 161]
[38, 161]
[40, 161]
[42, 161]
[161, 200]
[44, 161]
[46, 161]
[48, 161]
[136, 161]
[50, 161]
[52, 161]
[54, 161]
[56, 161]
[58, 161]
[60, 161]
[138, 161]
[62, 161]
[64, 161]
[66, 161]
[68, 161]
[70, 161]
[72, 161]
[140, 161]
[74, 161]
[76, 161]
[161, 226]
[78, 161]
[80, 161]
[82, 161]
[84, 161]
[86, 161]
[88, 161]
[161, 164]
[90, 161]
[92, 161]
[94, 161]
[96, 161]
[144, 161]
[98, 161]
[100, 161]
[102, 161]
[104, 161]
[106, 161]
[108, 161]
[146, 161]
[110, 161]
[112, 161]
[114, 161]
[116, 161]
[161, 254]
[118, 161]
[120, 161]
[122, 161]
[161, 192]
[124, 161]
[161, 234]
[126, 161]
[0, 161]
[2, 161]
[4, 161]
[6, 161]
[161, 172]
[12, 161]
[22, 161]
[128, 163]
[8, 163]
[10, 163]
[130, 163]
[142, 163]
[148, 163]
[24, 163]
[132, 163]
[26, 163]
[28, 163]
[30, 163]
[32, 163]
[34, 163]
[36, 163]
[134, 163]
[38, 163]
[40, 163]
[42, 163]
[163, 200]
[44, 163]
[46, 163]
[48, 163]
[136, 163]
[50, 163]
[52, 163]
[54, 163]
[56, 163]
[58, 163]
[60, 163]
[138, 163]
[62, 163]
[64, 163]
[66, 163]
[68, 163]
[70, 163]
[72, 163]
[140, 163]
[74, 163]
[76, 163]
[163, 226]
[78, 163]
[80, 163]
[82, 163]
[84, 163]
[86, 163]
[88, 163]
[163, 164]
[90, 163]
[92, 163]
[94, 163]
[96, 163]
[144, 163]
[98, 163]
[100, 163]
[102, 163]
[104, 163]
[106, 163]
[108, 163]
[146, 163]
[110, 163]
[112, 163]
[114, 163]
[116, 163]
[163, 254]
[118, 163]
[120, 163]
[122, 163]
[163, 192]
[124, 163]
[163, 234]
[126, 163]
[0, 163]
[2, 163]
[4, 163]
[6, 163]
[163, 172]
[12, 163]
[22, 163]
[128, 164]
[8, 164]
[10, 164]
[130, 164]
[142, 164]
[24, 164]
[26, 164]
[28, 164]
[30, 164]
[32, 164]
[34, 164]
[36, 164]
[38, 164]
[40, 164]
[42, 164]
[44, 164]
[46, 164]
[48, 164]
[50, 164]
[52, 164]
[54, 164]
[56, 164]
[58, 164]
[60, 164]
[62, 164]
[64, 164]
[66, 164]
[68, 164]
[70, 164]
[72, 164]
[74, 164]
[76, 164]
[78, 164]
[80, 164]
[82, 164]
[84, 164]
[86, 164]
[88, 164]
[90, 164]
[92, 164]
[94, 164]
[96, 164]
[98, 164]
[100, 164]
[102, 164]
[104, 164]
[106, 164]
[108, 164]
[110, 164]
[112, 164]
[114, 164]
[116, 164]
[118, 164]
[120, 164]
[122, 164]
[124, 164]
[126, 164]
[132, 164]
[134, 164]
[136, 164]
[138, 164]
[140, 164]
[144, 164]
[146, 164]
[148, 164]
[164, 165]
[164, 167]
[164, 169]
[164, 171]
[164, 173]
[164, 175]
[164, 177]
[164, 179]
[164, 181]
[164, 183]
[164, 185]
[164, 187]
[164, 189]
[164, 191]
[164, 193]
[164, 195]
[164, 197]
[164, 199]
[164, 201]
[164, 203]
[164, 205]
[164, 207]
[164, 209]
[164, 211]
[164, 213]
[164, 215]
[164, 217]
[164, 219]
[164, 221]
[164, 223]
[164, 225]
[164, 227]
[164, 229]
[164, 231]
[164, 233]
[164, 235]
[164, 237]
[164, 239]
[164, 241]
[164, 243]
[164, 245]
[164, 247]
[164, 249]
[164, 251]
[164, 253]
[164, 255]
[164, 263]
[164, 271]
[0, 164]
[1, 164]
[2, 164]
[5, 164]
[6, 164]
[12, 164]
[15, 164]
[21, 164]
[22, 164]
[31, 164]
[33, 164]
[35, 164]
[47, 164]
[49, 164]
[51, 164]
[55, 164]
[57, 164]
[59, 164]
[61, 164]
[63, 164]
[67, 164]
[69, 164]
[71, 164]
[75, 164]
[79, 164]
[81, 164]
[83, 164]
[87, 164]
[89, 164]
[91, 164]
[93, 164]
[95, 164]
[97, 164]
[101, 164]
[103, 164]
[105, 164]
[111, 164]
[113, 164]
[115, 164]
[119, 164]
[121, 164]
[123, 164]
[125, 164]
[129, 164]
[131, 164]
[133, 164]
[137, 164]
[139, 164]
[143, 164]
[145, 164]
[147, 164]
[164, 277]
[7, 164]
[13, 164]
[23, 164]
[25, 164]
[27, 164]
[29, 164]
[39, 164]
[41, 164]
[43, 164]
[53, 164]
[77, 164]
[85, 164]
[109, 164]
[117, 164]
[141, 164]
[149, 164]
[128, 165]
[8, 165]
[10, 165]
[130, 165]
[142, 165]
[148, 165]
[24, 165]
[132, 165]
[26, 165]
[28, 165]
[30, 165]
[32, 165]
[34, 165]
[36, 165]
[134, 165]
[38, 165]
[40, 165]
[42, 165]
[165, 200]
[44, 165]
[46, 165]
[48, 165]
[136, 165]
[50, 165]
[52, 165]
[54, 165]
[56, 165]
[58, 165]
[60, 165]
[138, 165]
[62, 165]
[64, 165]
[66, 165]
[68, 165]
[70, 165]
[72, 165]
[140, 165]
[74, 165]
[76, 165]
[165, 226]
[78, 165]
[80, 165]
[82, 165]
[84, 165]
[86, 165]
[88, 165]
[90, 165]
[92, 165]
[94, 165]
[96, 165]
[144, 165]
[98, 165]
[100, 165]
[102, 165]
[104, 165]
[106, 165]
[108, 165]
[146, 165]
[110, 165]
[112, 165]
[114, 165]
[116, 165]
[165, 254]
[118, 165]
[120, 165]
[122, 165]
[165, 192]
[124, 165]
[165, 234]
[126, 165]
[0, 165]
[2, 165]
[4, 165]
[6, 165]
[165, 172]
[12, 165]
[22, 165]
[128, 167]
[8, 167]
[10, 167]
[130, 167]
[142, 167]
[148, 167]
[24, 167]
[132, 167]
[26, 167]
[28, 167]
[30, 167]
[32, 167]
[34, 167]
[36, 167]
[134, 167]
[38, 167]
[40, 167]
[42, 167]
[167, 200]
[44, 167]
[46, 167]
[48, 167]
[136, 167]
[50, 167]
[52, 167]
[54, 167]
[56, 167]
[58, 167]
[60, 167]
[138, 167]
[62, 167]
[64, 167]
[66, 167]
[68, 167]
[70, 167]
[72, 167]
[140, 167]
[74, 167]
[76, 167]
[167, 226]
[78, 167]
[80, 167]
[82, 167]
[84, 167]
[86, 167]
[88, 167]
[90, 167]
[92, 167]
[94, 167]
[96, 167]
[144, 167]
[98, 167]
[100, 167]
[102, 167]
[104, 167]
[106, 167]
[108, 167]
[146, 167]
[110, 167]
[112, 167]
[114, 167]
[116, 167]
[167, 254]
[118, 167]
[120, 167]
[122, 167]
[167, 192]
[124, 167]
[167, 234]
[126, 167]
[0, 167]
[2, 167]
[4, 167]
[6, 167]
[167, 172]
[12, 167]
[22, 167]
[128, 169]
[8, 169]
[10, 169]
[130, 169]
[142, 169]
[148, 169]
[24, 169]
[132, 169]
[26, 169]
[28, 169]
[30, 169]
[32, 169]
[34, 169]
[36, 169]
[134, 169]
[38, 169]
[40, 169]
[42, 169]
[169, 200]
[44, 169]
[46, 169]
[48, 169]
[136, 169]
[50, 169]
[52, 169]
[54, 169]
[56, 169]
[58, 169]
[60, 169]
[138, 169]
[62, 169]
[64, 169]
[66, 169]
[68, 169]
[70, 169]
[72, 169]
[140, 169]
[74, 169]
[76, 169]
[169, 226]
[78, 169]
[80, 169]
[82, 169]
[84, 169]
[86, 169]
[88, 169]
[90, 169]
[92, 169]
[94, 169]
[96, 169]
[144, 169]
[98, 169]
[100, 169]
[102, 169]
[104, 169]
[106, 169]
[108, 169]
[146, 169]
[110, 169]
[112, 169]
[114, 169]
[116, 169]
[169, 254]
[118, 169]
[120, 169]
[122, 169]
[169, 192]
[124, 169]
[169, 234]
[126, 169]
[0, 169]
[2, 169]
[4, 169]
[6, 169]
[169, 172]
[12, 169]
[22, 169]
[128, 171]
[8, 171]
[10, 171]
[130, 171]
[142, 171]
[148, 171]
[24, 171]
[132, 171]
[26, 171]
[28, 171]
[30, 171]
[32, 171]
[34, 171]
[36, 171]
[134, 171]
[38, 171]
[40, 171]
[42, 171]
[171, 200]
[44, 171]
[46, 171]
[48, 171]
[136, 171]
[50, 171]
[52, 171]
[54, 171]
[56, 171]
[58, 171]
[60, 171]
[138, 171]
[62, 171]
[64, 171]
[66, 171]
[68, 171]
[70, 171]
[72, 171]
[140, 171]
[74, 171]
[76, 171]
[171, 226]
[78, 171]
[80, 171]
[82, 171]
[84, 171]
[86, 171]
[88, 171]
[90, 171]
[92, 171]
[94, 171]
[96, 171]
[144, 171]
[98, 171]
[100, 171]
[102, 171]
[104, 171]
[106, 171]
[108, 171]
[146, 171]
[110, 171]
[112, 171]
[114, 171]
[116, 171]
[171, 254]
[118, 171]
[120, 171]
[122, 171]
[171, 192]
[124, 171]
[171, 234]
[126, 171]
[0, 171]
[2, 171]
[4, 171]
[6, 171]
[171, 172]
[12, 171]
[22, 171]
[128, 173]
[8, 173]
[10, 173]
[130, 173]
[142, 173]
[148, 173]
[24, 173]
[132, 173]
[26, 173]
[28, 173]
[30, 173]
[32, 173]
[34, 173]
[36, 173]
[134, 173]
[38, 173]
[40, 173]
[42, 173]
[173, 200]
[44, 173]
[46, 173]
[48, 173]
[136, 173]
[50, 173]
[52, 173]
[54, 173]
[56, 173]
[58, 173]
[60, 173]
[138, 173]
[62, 173]
[64, 173]
[66, 173]
[68, 173]
[70, 173]
[72, 173]
[140, 173]
[74, 173]
[76, 173]
[173, 226]
[78, 173]
[80, 173]
[82, 173]
[84, 173]
[86, 173]
[88, 173]
[90, 173]
[92, 173]
[94, 173]
[96, 173]
[144, 173]
[98, 173]
[100, 173]
[102, 173]
[104, 173]
[106, 173]
[108, 173]
[146, 173]
[110, 173]
[112, 173]
[114, 173]
[116, 173]
[173, 254]
[118, 173]
[120, 173]
[122, 173]
[173, 192]
[124, 173]
[173, 234]
[126, 173]
[0, 173]
[2, 173]
[4, 173]
[6, 173]
[172, 173]
[12, 173]
[22, 173]
[128, 175]
[8, 175]
[10, 175]
[130, 175]
[142, 175]
[148, 175]
[24, 175]
[132, 175]
[26, 175]
[28, 175]
[30, 175]
[32, 175]
[34, 175]
[36, 175]
[134, 175]
[38, 175]
[40, 175]
[42, 175]
[175, 200]
[44, 175]
[46, 175]
[48, 175]
[136, 175]
[50, 175]
[52, 175]
[54, 175]
[56, 175]
[58, 175]
[60, 175]
[138, 175]
[62, 175]
[64, 175]
[66, 175]
[68, 175]
[70, 175]
[72, 175]
[140, 175]
[74, 175]
[76, 175]
[175, 226]
[78, 175]
[80, 175]
[82, 175]
[84, 175]
[86, 175]
[88, 175]
[90, 175]
[92, 175]
[94, 175]
[96, 175]
[144, 175]
[98, 175]
[100, 175]
[102, 175]
[104, 175]
[106, 175]
[108, 175]
[146, 175]
[110, 175]
[112, 175]
[114, 175]
[116, 175]
[175, 254]
[118, 175]
[120, 175]
[122, 175]
[175, 192]
[124, 175]
[175, 234]
[126, 175]
[0, 175]
[2, 175]
[4, 175]
[6, 175]
[172, 175]
[12, 175]
[22, 175]
[128, 177]
[8, 177]
[10, 177]
[130, 177]
[142, 177]
[148, 177]
[24, 177]
[132, 177]
[26, 177]
[28, 177]
[30, 177]
[32, 177]
[34, 177]
[36, 177]
[134, 177]
[38, 177]
[40, 177]
[42, 177]
[177, 200]
[44, 177]
[46, 177]
[48, 177]
[136, 177]
[50, 177]
[52, 177]
[54, 177]
[56, 177]
[58, 177]
[60, 177]
[138, 177]
[62, 177]
[64, 177]
[66, 177]
[68, 177]
[70, 177]
[72, 177]
[140, 177]
[74, 177]
[76, 177]
[177, 226]
[78, 177]
[80, 177]
[82, 177]
[84, 177]
[86, 177]
[88, 177]
[90, 177]
[92, 177]
[94, 177]
[96, 177]
[144, 177]
[98, 177]
[100, 177]
[102, 177]
[104, 177]
[106, 177]
[108, 177]
[146, 177]
[110, 177]
[112, 177]
[114, 177]
[116, 177]
[177, 254]
[118, 177]
[120, 177]
[122, 177]
[177, 192]
[124, 177]
[177, 234]
[126, 177]
[0, 177]
[2, 177]
[4, 177]
[6, 177]
[172, 177]
[12, 177]
[22, 177]
[128, 179]
[8, 179]
[10, 179]
[130, 179]
[142, 179]
[148, 179]
[24, 179]
[132, 179]
[26, 179]
[28, 179]
[30, 179]
[32, 179]
[34, 179]
[36, 179]
[134, 179]
[38, 179]
[40, 179]
[42, 179]
[179, 200]
[44, 179]
[46, 179]
[48, 179]
[136, 179]
[50, 179]
[52, 179]
[54, 179]
[56, 179]
[58, 179]
[60, 179]
[138, 179]
[62, 179]
[64, 179]
[66, 179]
[68, 179]
[70, 179]
[72, 179]
[140, 179]
[74, 179]
[76, 179]
[179, 226]
[78, 179]
[80, 179]
[82, 179]
[84, 179]
[86, 179]
[88, 179]
[90, 179]
[92, 179]
[94, 179]
[96, 179]
[144, 179]
[98, 179]
[100, 179]
[102, 179]
[104, 179]
[106, 179]
[108, 179]
[146, 179]
[110, 179]
[112, 179]
[114, 179]
[116, 179]
[179, 254]
[118, 179]
[120, 179]
[122, 179]
[179, 192]
[124, 179]
[179, 234]
[126, 179]
[0, 179]
[2, 179]
[4, 179]
[6, 179]
[172, 179]
[12, 179]
[22, 179]
[128, 181]
[8, 181]
[10, 181]
[130, 181]
[142, 181]
[148, 181]
[24, 181]
[132, 181]
[26, 181]
[28, 181]
[30, 181]
[32, 181]
[34, 181]
[36, 181]
[134, 181]
[38, 181]
[40, 181]
[42, 181]
[181, 200]
[44, 181]
[46, 181]
[48, 181]
[136, 181]
[50, 181]
[52, 181]
[54, 181]
[56, 181]
[58, 181]
[60, 181]
[138, 181]
[62, 181]
[64, 181]
[66, 181]
[68, 181]
[70, 181]
[72, 181]
[140, 181]
[74, 181]
[76, 181]
[181, 226]
[78, 181]
[80, 181]
[82, 181]
[84, 181]
[86, 181]
[88, 181]
[90, 181]
[92, 181]
[94, 181]
[96, 181]
[144, 181]
[98, 181]
[100, 181]
[102, 181]
[104, 181]
[106, 181]
[108, 181]
[146, 181]
[110, 181]
[112, 181]
[114, 181]
[116, 181]
[181, 254]
[118, 181]
[120, 181]
[122, 181]
[181, 192]
[124, 181]
[181, 234]
[126, 181]
[0, 181]
[2, 181]
[4, 181]
[6, 181]
[172, 181]
[12, 181]
[22, 181]
[128, 183]
[8, 183]
[10, 183]
[130, 183]
[142, 183]
[148, 183]
[24, 183]
[132, 183]
[26, 183]
[28, 183]
[30, 183]
[32, 183]
[34, 183]
[36, 183]
[134, 183]
[38, 183]
[40, 183]
[42, 183]
[183, 200]
[44, 183]
[46, 183]
[48, 183]
[136, 183]
[50, 183]
[52, 183]
[54, 183]
[56, 183]
[58, 183]
[60, 183]
[138, 183]
[62, 183]
[64, 183]
[66, 183]
[68, 183]
[70, 183]
[72, 183]
[140, 183]
[74, 183]
[76, 183]
[183, 226]
[78, 183]
[80, 183]
[82, 183]
[84, 183]
[86, 183]
[88, 183]
[90, 183]
[92, 183]
[94, 183]
[96, 183]
[144, 183]
[98, 183]
[100, 183]
[102, 183]
[104, 183]
[106, 183]
[108, 183]
[146, 183]
[110, 183]
[112, 183]
[114, 183]
[116, 183]
[183, 254]
[118, 183]
[120, 183]
[122, 183]
[183, 192]
[124, 183]
[183, 234]
[126, 183]
[0, 183]
[2, 183]
[4, 183]
[6, 183]
[172, 183]
[12, 183]
[22, 183]
[128, 185]
[8, 185]
[10, 185]
[130, 185]
[142, 185]
[148, 185]
[24, 185]
[132, 185]
[26, 185]
[28, 185]
[30, 185]
[32, 185]
[34, 185]
[36, 185]
[134, 185]
[38, 185]
[40, 185]
[42, 185]
[185, 200]
[44, 185]
[46, 185]
[48, 185]
[136, 185]
[50, 185]
[52, 185]
[54, 185]
[56, 185]
[58, 185]
[60, 185]
[138, 185]
[62, 185]
[64, 185]
[66, 185]
[68, 185]
[70, 185]
[72, 185]
[140, 185]
[74, 185]
[76, 185]
[185, 226]
[78, 185]
[80, 185]
[82, 185]
[84, 185]
[86, 185]
[88, 185]
[90, 185]
[92, 185]
[94, 185]
[96, 185]
[144, 185]
[98, 185]
[100, 185]
[102, 185]
[104, 185]
[106, 185]
[108, 185]
[146, 185]
[110, 185]
[112, 185]
[114, 185]
[116, 185]
[185, 254]
[118, 185]
[120, 185]
[122, 185]
[185, 192]
[124, 185]
[185, 234]
[126, 185]
[0, 185]
[2, 185]
[4, 185]
[6, 185]
[172, 185]
[12, 185]
[22, 185]
[128, 187]
[8, 187]
[10, 187]
[130, 187]
[142, 187]
[148, 187]
[24, 187]
[132, 187]
[26, 187]
[28, 187]
[30, 187]
[32, 187]
[34, 187]
[36, 187]
[134, 187]
[38, 187]
[40, 187]
[42, 187]
[187, 200]
[44, 187]
[46, 187]
[48, 187]
[136, 187]
[50, 187]
[52, 187]
[54, 187]
[56, 187]
[58, 187]
[60, 187]
[138, 187]
[62, 187]
[64, 187]
[66, 187]
[68, 187]
[70, 187]
[72, 187]
[140, 187]
[74, 187]
[76, 187]
[187, 226]
[78, 187]
[80, 187]
[82, 187]
[84, 187]
[86, 187]
[88, 187]
[90, 187]
[92, 187]
[94, 187]
[96, 187]
[144, 187]
[98, 187]
[100, 187]
[102, 187]
[104, 187]
[106, 187]
[108, 187]
[146, 187]
[110, 187]
[112, 187]
[114, 187]
[116, 187]
[187, 254]
[118, 187]
[120, 187]
[122, 187]
[187, 192]
[124, 187]
[187, 234]
[126, 187]
[0, 187]
[2, 187]
[4, 187]
[6, 187]
[172, 187]
[12, 187]
[22, 187]
[128, 189]
[8, 189]
[10, 189]
[130, 189]
[142, 189]
[148, 189]
[24, 189]
[132, 189]
[26, 189]
[28, 189]
[30, 189]
[32, 189]
[34, 189]
[36, 189]
[134, 189]
[38, 189]
[40, 189]
[42, 189]
[189, 200]
[44, 189]
[46, 189]
[48, 189]
[136, 189]
[50, 189]
[52, 189]
[54, 189]
[56, 189]
[58, 189]
[60, 189]
[138, 189]
[62, 189]
[64, 189]
[66, 189]
[68, 189]
[70, 189]
[72, 189]
[140, 189]
[74, 189]
[76, 189]
[189, 226]
[78, 189]
[80, 189]
[82, 189]
[84, 189]
[86, 189]
[88, 189]
[90, 189]
[92, 189]
[94, 189]
[96, 189]
[144, 189]
[98, 189]
[100, 189]
[102, 189]
[104, 189]
[106, 189]
[108, 189]
[146, 189]
[110, 189]
[112, 189]
[114, 189]
[116, 189]
[189, 254]
[118, 189]
[120, 189]
[122, 189]
[189, 192]
[124, 189]
[189, 234]
[126, 189]
[0, 189]
[2, 189]
[4, 189]
[6, 189]
[172, 189]
[12, 189]
[22, 189]
[128, 191]
[8, 191]
[10, 191]
[130, 191]
[142, 191]
[148, 191]
[24, 191]
[132, 191]
[26, 191]
[28, 191]
[30, 191]
[32, 191]
[34, 191]
[36, 191]
[134, 191]
[38, 191]
[40, 191]
[42, 191]
[191, 200]
[44, 191]
[46, 191]
[48, 191]
[136, 191]
[50, 191]
[52, 191]
[54, 191]
[56, 191]
[58, 191]
[60, 191]
[138, 191]
[62, 191]
[64, 191]
[66, 191]
[68, 191]
[70, 191]
[72, 191]
[140, 191]
[74, 191]
[76, 191]
[191, 226]
[78, 191]
[80, 191]
[82, 191]
[84, 191]
[86, 191]
[88, 191]
[90, 191]
[92, 191]
[94, 191]
[96, 191]
[144, 191]
[98, 191]
[100, 191]
[102, 191]
[104, 191]
[106, 191]
[108, 191]
[146, 191]
[110, 191]
[112, 191]
[114, 191]
[116, 191]
[191, 254]
[118, 191]
[120, 191]
[122, 191]
[191, 192]
[124, 191]
[191, 234]
[126, 191]
[0, 191]
[2, 191]
[4, 191]
[6, 191]
[172, 191]
[12, 191]
[22, 191]
[128, 192]
[8, 192]
[10, 192]
[130, 192]
[142, 192]
[24, 192]
[26, 192]
[28, 192]
[30, 192]
[32, 192]
[34, 192]
[36, 192]
[38, 192]
[40, 192]
[42, 192]
[44, 192]
[46, 192]
[48, 192]
[50, 192]
[52, 192]
[54, 192]
[56, 192]
[58, 192]
[60, 192]
[62, 192]
[64, 192]
[66, 192]
[68, 192]
[70, 192]
[72, 192]
[74, 192]
[76, 192]
[78, 192]
[80, 192]
[82, 192]
[84, 192]
[86, 192]
[88, 192]
[90, 192]
[92, 192]
[94, 192]
[96, 192]
[98, 192]
[100, 192]
[102, 192]
[104, 192]
[106, 192]
[108, 192]
[110, 192]
[112, 192]
[114, 192]
[116, 192]
[118, 192]
[120, 192]
[122, 192]
[124, 192]
[126, 192]
[132, 192]
[134, 192]
[136, 192]
[138, 192]
[140, 192]
[144, 192]
[146, 192]
[148, 192]
[192, 193]
[192, 195]
[192, 197]
[192, 199]
[192, 201]
[192, 203]
[192, 205]
[192, 207]
[192, 209]
[192, 211]
[192, 213]
[192, 215]
[192, 217]
[192, 219]
[192, 221]
[192, 223]
[192, 225]
[192, 227]
[192, 229]
[192, 231]
[192, 233]
[192, 235]
[192, 237]
[192, 239]
[192, 241]
[192, 243]
[192, 245]
[192, 247]
[192, 249]
[192, 251]
[192, 253]
[192, 255]
[192, 263]
[192, 271]
[0, 192]
[1, 192]
[2, 192]
[5, 192]
[6, 192]
[12, 192]
[15, 192]
[21, 192]
[22, 192]
[31, 192]
[33, 192]
[35, 192]
[47, 192]
[49, 192]
[51, 192]
[55, 192]
[57, 192]
[59, 192]
[61, 192]
[63, 192]
[67, 192]
[69, 192]
[71, 192]
[75, 192]
[79, 192]
[81, 192]
[83, 192]
[87, 192]
[89, 192]
[91, 192]
[93, 192]
[95, 192]
[97, 192]
[101, 192]
[103, 192]
[105, 192]
[111, 192]
[113, 192]
[115, 192]
[119, 192]
[121, 192]
[123, 192]
[125, 192]
[129, 192]
[131, 192]
[133, 192]
[137, 192]
[139, 192]
[143, 192]
[145, 192]
[147, 192]
[192, 277]
[7, 192]
[13, 192]
[23, 192]
[25, 192]
[27, 192]
[29, 192]
[39, 192]
[41, 192]
[43, 192]
[53, 192]
[77, 192]
[85, 192]
[109, 192]
[117, 192]
[141, 192]
[149, 192]
[128, 193]
[8, 193]
[10, 193]
[130, 193]
[142, 193]
[148, 193]
[24, 193]
[132, 193]
[26, 193]
[28, 193]
[30, 193]
[32, 193]
[34, 193]
[36, 193]
[134, 193]
[38, 193]
[40, 193]
[42, 193]
[193, 200]
[44, 193]
[46, 193]
[48, 193]
[136, 193]
[50, 193]
[52, 193]
[54, 193]
[56, 193]
[58, 193]
[60, 193]
[138, 193]
[62, 193]
[64, 193]
[66, 193]
[68, 193]
[70, 193]
[72, 193]
[140, 193]
[74, 193]
[76, 193]
[193, 226]
[78, 193]
[80, 193]
[82, 193]
[84, 193]
[86, 193]
[88, 193]
[90, 193]
[92, 193]
[94, 193]
[96, 193]
[144, 193]
[98, 193]
[100, 193]
[102, 193]
[104, 193]
[106, 193]
[108, 193]
[146, 193]
[110, 193]
[112, 193]
[114, 193]
[116, 193]
[193, 254]
[118, 193]
[120, 193]
[122, 193]
[124, 193]
[193, 234]
[126, 193]
[0, 193]
[2, 193]
[4, 193]
[6, 193]
[172, 193]
[12, 193]
[22, 193]
[128, 195]
[8, 195]
[10, 195]
[130, 195]
[142, 195]
[148, 195]
[24, 195]
[132, 195]
[26, 195]
[28, 195]
[30, 195]
[32, 195]
[34, 195]
[36, 195]
[134, 195]
[38, 195]
[40, 195]
[42, 195]
[195, 200]
[44, 195]
[46, 195]
[48, 195]
[136, 195]
[50, 195]
[52, 195]
[54, 195]
[56, 195]
[58, 195]
[60, 195]
[138, 195]
[62, 195]
[64, 195]
[66, 195]
[68, 195]
[70, 195]
[72, 195]
[140, 195]
[74, 195]
[76, 195]
[195, 226]
[78, 195]
[80, 195]
[82, 195]
[84, 195]
[86, 195]
[88, 195]
[90, 195]
[92, 195]
[94, 195]
[96, 195]
[144, 195]
[98, 195]
[100, 195]
[102, 195]
[104, 195]
[106, 195]
[108, 195]
[146, 195]
[110, 195]
[112, 195]
[114, 195]
[116, 195]
[195, 254]
[118, 195]
[120, 195]
[122, 195]
[124, 195]
[195, 234]
[126, 195]
[0, 195]
[2, 195]
[4, 195]
[6, 195]
[172, 195]
[12, 195]
[22, 195]
[128, 197]
[8, 197]
[10, 197]
[130, 197]
[142, 197]
[148, 197]
[24, 197]
[132, 197]
[26, 197]
[28, 197]
[30, 197]
[32, 197]
[34, 197]
[36, 197]
[134, 197]
[38, 197]
[40, 197]
[42, 197]
[197, 200]
[44, 197]
[46, 197]
[48, 197]
[136, 197]
[50, 197]
[52, 197]
[54, 197]
[56, 197]
[58, 197]
[60, 197]
[138, 197]
[62, 197]
[64, 197]
[66, 197]
[68, 197]
[70, 197]
[72, 197]
[140, 197]
[74, 197]
[76, 197]
[197, 226]
[78, 197]
[80, 197]
[82, 197]
[84, 197]
[86, 197]
[88, 197]
[90, 197]
[92, 197]
[94, 197]
[96, 197]
[144, 197]
[98, 197]
[100, 197]
[102, 197]
[104, 197]
[106, 197]
[108, 197]
[146, 197]
[110, 197]
[112, 197]
[114, 197]
[116, 197]
[197, 254]
[118, 197]
[120, 197]
[122, 197]
[124, 197]
[197, 234]
[126, 197]
[0, 197]
[2, 197]
[4, 197]
[6, 197]
[172, 197]
[12, 197]
[22, 197]
[128, 199]
[8, 199]
[10, 199]
[130, 199]
[142, 199]
[148, 199]
[24, 199]
[132, 199]
[26, 199]
[28, 199]
[30, 199]
[32, 199]
[34, 199]
[36, 199]
[134, 199]
[38, 199]
[40, 199]
[42, 199]
[199, 200]
[44, 199]
[46, 199]
[48, 199]
[136, 199]
[50, 199]
[52, 199]
[54, 199]
[56, 199]
[58, 199]
[60, 199]
[138, 199]
[62, 199]
[64, 199]
[66, 199]
[68, 199]
[70, 199]
[72, 199]
[140, 199]
[74, 199]
[76, 199]
[199, 226]
[78, 199]
[80, 199]
[82, 199]
[84, 199]
[86, 199]
[88, 199]
[90, 199]
[92, 199]
[94, 199]
[96, 199]
[144, 199]
[98, 199]
[100, 199]
[102, 199]
[104, 199]
[106, 199]
[108, 199]
[146, 199]
[110, 199]
[112, 199]
[114, 199]
[116, 199]
[199, 254]
[118, 199]
[120, 199]
[122, 199]
[124, 199]
[199, 234]
[126, 199]
[0, 199]
[2, 199]
[4, 199]
[6, 199]
[172, 199]
[12, 199]
[22, 199]
[128, 200]
[8, 200]
[10, 200]
[130, 200]
[142, 200]
[24, 200]
[26, 200]
[28, 200]
[30, 200]
[32, 200]
[34, 200]
[36, 200]
[38, 200]
[40, 200]
[42, 200]
[44, 200]
[46, 200]
[48, 200]
[50, 200]
[52, 200]
[54, 200]
[56, 200]
[58, 200]
[60, 200]
[62, 200]
[64, 200]
[66, 200]
[68, 200]
[70, 200]
[72, 200]
[74, 200]
[76, 200]
[78, 200]
[80, 200]
[82, 200]
[84, 200]
[86, 200]
[88, 200]
[90, 200]
[92, 200]
[94, 200]
[96, 200]
[98, 200]
[100, 200]
[102, 200]
[104, 200]
[106, 200]
[108, 200]
[110, 200]
[112, 200]
[114, 200]
[116, 200]
[118, 200]
[120, 200]
[122, 200]
[124, 200]
[126, 200]
[132, 200]
[134, 200]
[136, 200]
[138, 200]
[140, 200]
[144, 200]
[146, 200]
[148, 200]
[200, 201]
[200, 203]
[200, 205]
[200, 207]
[200, 209]
[200, 211]
[200, 213]
[200, 215]
[200, 217]
[200, 219]
[200, 221]
[200, 223]
[200, 225]
[200, 227]
[200, 229]
[200, 231]
[200, 233]
[200, 235]
[200, 237]
[200, 239]
[200, 241]
[200, 243]
[200, 245]
[200, 247]
[200, 249]
[200, 251]
[200, 253]
[200, 255]
[200, 263]
[200, 271]
[0, 200]
[1, 200]
[2, 200]
[5, 200]
[6, 200]
[12, 200]
[15, 200]
[21, 200]
[22, 200]
[31, 200]
[33, 200]
[35, 200]
[47, 200]
[49, 200]
[51, 200]
[55, 200]
[57, 200]
[59, 200]
[61, 200]
[63, 200]
[67, 200]
[69, 200]
[71, 200]
[75, 200]
[79, 200]
[81, 200]
[83, 200]
[87, 200]
[89, 200]
[91, 200]
[93, 200]
[95, 200]
[97, 200]
[101, 200]
[103, 200]
[105, 200]
[111, 200]
[113, 200]
[115, 200]
[119, 200]
[121, 200]
[123, 200]
[125, 200]
[129, 200]
[131, 200]
[133, 200]
[137, 200]
[139, 200]
[143, 200]
[145, 200]
[147, 200]
[200, 277]
[7, 200]
[13, 200]
[23, 200]
[25, 200]
[27, 200]
[29, 200]
[39, 200]
[41, 200]
[43, 200]
[53, 200]
[77, 200]
[85, 200]
[109, 200]
[117, 200]
[141, 200]
[149, 200]
[128, 201]
[8, 201]
[10, 201]
[130, 201]
[142, 201]
[148, 201]
[24, 201]
[132, 201]
[26, 201]
[28, 201]
[30, 201]
[32, 201]
[34, 201]
[36, 201]
[134, 201]
[38, 201]
[40, 201]
[42, 201]
[44, 201]
[46, 201]
[48, 201]
[136, 201]
[50, 201]
[52, 201]
[54, 201]
[56, 201]
[58, 201]
[60, 201]
[138, 201]
[62, 201]
[64, 201]
[66, 201]
[68, 201]
[70, 201]
[72, 201]
[140, 201]
[74, 201]
[76, 201]
[201, 226]
[78, 201]
[80, 201]
[82, 201]
[84, 201]
[86, 201]
[88, 201]
[90, 201]
[92, 201]
[94, 201]
[96, 201]
[144, 201]
[98, 201]
[100, 201]
[102, 201]
[104, 201]
[106, 201]
[108, 201]
[146, 201]
[110, 201]
[112, 201]
[114, 201]
[116, 201]
[201, 254]
[118, 201]
[120, 201]
[122, 201]
[124, 201]
[201, 234]
[126, 201]
[0, 201]
[2, 201]
[4, 201]
[6, 201]
[172, 201]
[12, 201]
[22, 201]
[128, 203]
[8, 203]
[10, 203]
[130, 203]
[142, 203]
[148, 203]
[24, 203]
[132, 203]
[26, 203]
[28, 203]
[30, 203]
[32, 203]
[34, 203]
[36, 203]
[134, 203]
[38, 203]
[40, 203]
[42, 203]
[44, 203]
[46, 203]
[48, 203]
[136, 203]
[50, 203]
[52, 203]
[54, 203]
[56, 203]
[58, 203]
[60, 203]
[138, 203]
[62, 203]
[64, 203]
[66, 203]
[68, 203]
[70, 203]
[72, 203]
[140, 203]
[74, 203]
[76, 203]
[203, 226]
[78, 203]
[80, 203]
[82, 203]
[84, 203]
[86, 203]
[88, 203]
[90, 203]
[92, 203]
[94, 203]
[96, 203]
[144, 203]
[98, 203]
[100, 203]
[102, 203]
[104, 203]
[106, 203]
[108, 203]
[146, 203]
[110, 203]
[112, 203]
[114, 203]
[116, 203]
[203, 254]
[118, 203]
[120, 203]
[122, 203]
[124, 203]
[203, 234]
[126, 203]
[0, 203]
[2, 203]
[4, 203]
[6, 203]
[172, 203]
[12, 203]
[22, 203]
[128, 205]
[8, 205]
[10, 205]
[130, 205]
[142, 205]
[148, 205]
[24, 205]
[132, 205]
[26, 205]
[28, 205]
[30, 205]
[32, 205]
[34, 205]
[36, 205]
[134, 205]
[38, 205]
[40, 205]
[42, 205]
[44, 205]
[46, 205]
[48, 205]
[136, 205]
[50, 205]
[52, 205]
[54, 205]
[56, 205]
[58, 205]
[60, 205]
[138, 205]
[62, 205]
[64, 205]
[66, 205]
[68, 205]
[70, 205]
[72, 205]
[140, 205]
[74, 205]
[76, 205]
[205, 226]
[78, 205]
[80, 205]
[82, 205]
[84, 205]
[86, 205]
[88, 205]
[90, 205]
[92, 205]
[94, 205]
[96, 205]
[144, 205]
[98, 205]
[100, 205]
[102, 205]
[104, 205]
[106, 205]
[108, 205]
[146, 205]
[110, 205]
[112, 205]
[114, 205]
[116, 205]
[205, 254]
[118, 205]
[120, 205]
[122, 205]
[124, 205]
[205, 234]
[126, 205]
[0, 205]
[2, 205]
[4, 205]
[6, 205]
[172, 205]
[12, 205]
[22, 205]
[128, 207]
[8, 207]
[10, 207]
[130, 207]
[142, 207]
[148, 207]
[24, 207]
[132, 207]
[26, 207]
[28, 207]
[30, 207]
[32, 207]
[34, 207]
[36, 207]
[134, 207]
[38, 207]
[40, 207]
[42, 207]
[44, 207]
[46, 207]
[48, 207]
[136, 207]
[50, 207]
[52, 207]
[54, 207]
[56, 207]
[58, 207]
[60, 207]
[138, 207]
[62, 207]
[64, 207]
[66, 207]
[68, 207]
[70, 207]
[72, 207]
[140, 207]
[74, 207]
[76, 207]
[207, 226]
[78, 207]
[80, 207]
[82, 207]
[84, 207]
[86, 207]
[88, 207]
[90, 207]
[92, 207]
[94, 207]
[96, 207]
[144, 207]
[98, 207]
[100, 207]
[102, 207]
[104, 207]
[106, 207]
[108, 207]
[146, 207]
[110, 207]
[112, 207]
[114, 207]
[116, 207]
[207, 254]
[118, 207]
[120, 207]
[122, 207]
[124, 207]
[207, 234]
[126, 207]
[0, 207]
[2, 207]
[4, 207]
[6, 207]
[172, 207]
[12, 207]
[22, 207]
[128, 271]
[8, 271]
[10, 271]
[130, 271]
[142, 271]
[148, 271]
[24, 271]
[132, 271]
[26, 271]
[28, 271]
[30, 271]
[32, 271]
[34, 271]
[36, 271]
[134, 271]
[38, 271]
[40, 271]
[42, 271]
[44, 271]
[46, 271]
[48, 271]
[136, 271]
[50, 271]
[52, 271]
[54, 271]
[56, 271]
[58, 271]
[60, 271]
[138, 271]
[62, 271]
[64, 271]
[66, 271]
[68, 271]
[70, 271]
[72, 271]
[140, 271]
[74, 271]
[76, 271]
[226, 271]
[78, 271]
[80, 271]
[82, 271]
[84, 271]
[86, 271]
[88, 271]
[90, 271]
[92, 271]
[94, 271]
[96, 271]
[144, 271]
[98, 271]
[100, 271]
[102, 271]
[104, 271]
[106, 271]
[108, 271]
[146, 271]
[110, 271]
[112, 271]
[114, 271]
[116, 271]
[254, 271]
[118, 271]
[120, 271]
[122, 271]
[124, 271]
[234, 271]
[126, 271]
[0, 271]
[2, 271]
[4, 271]
[6, 271]
[172, 271]
[12, 271]
[22, 271]
[128, 209]
[8, 209]
[10, 209]
[130, 209]
[142, 209]
[148, 209]
[24, 209]
[132, 209]
[26, 209]
[28, 209]
[30, 209]
[32, 209]
[34, 209]
[36, 209]
[134, 209]
[38, 209]
[40, 209]
[42, 209]
[44, 209]
[46, 209]
[48, 209]
[136, 209]
[50, 209]
[52, 209]
[54, 209]
[56, 209]
[58, 209]
[60, 209]
[138, 209]
[62, 209]
[64, 209]
[66, 209]
[68, 209]
[70, 209]
[72, 209]
[140, 209]
[74, 209]
[76, 209]
[209, 226]
[78, 209]
[80, 209]
[82, 209]
[84, 209]
[86, 209]
[88, 209]
[90, 209]
[92, 209]
[94, 209]
[96, 209]
[144, 209]
[98, 209]
[100, 209]
[102, 209]
[104, 209]
[106, 209]
[108, 209]
[146, 209]
[110, 209]
[112, 209]
[114, 209]
[116, 209]
[209, 254]
[118, 209]
[120, 209]
[122, 209]
[124, 209]
[209, 234]
[126, 209]
[0, 209]
[2, 209]
[4, 209]
[6, 209]
[172, 209]
[12, 209]
[22, 209]
[128, 211]
[8, 211]
[10, 211]
[130, 211]
[142, 211]
[148, 211]
[24, 211]
[132, 211]
[26, 211]
[28, 211]
[30, 211]
[32, 211]
[34, 211]
[36, 211]
[134, 211]
[38, 211]
[40, 211]
[42, 211]
[44, 211]
[46, 211]
[48, 211]
[136, 211]
[50, 211]
[52, 211]
[54, 211]
[56, 211]
[58, 211]
[60, 211]
[138, 211]
[62, 211]
[64, 211]
[66, 211]
[68, 211]
[70, 211]
[72, 211]
[140, 211]
[74, 211]
[76, 211]
[211, 226]
[78, 211]
[80, 211]
[82, 211]
[84, 211]
[86, 211]
[88, 211]
[90, 211]
[92, 211]
[94, 211]
[96, 211]
[144, 211]
[98, 211]
[100, 211]
[102, 211]
[104, 211]
[106, 211]
[108, 211]
[146, 211]
[110, 211]
[112, 211]
[114, 211]
[116, 211]
[211, 254]
[118, 211]
[120, 211]
[122, 211]
[124, 211]
[211, 234]
[126, 211]
[0, 211]
[2, 211]
[4, 211]
[6, 211]
[172, 211]
[12, 211]
[22, 211]
[128, 213]
[8, 213]
[10, 213]
[130, 213]
[142, 213]
[148, 213]
[24, 213]
[132, 213]
[26, 213]
[28, 213]
[30, 213]
[32, 213]
[34, 213]
[36, 213]
[134, 213]
[38, 213]
[40, 213]
[42, 213]
[44, 213]
[46, 213]
[48, 213]
[136, 213]
[50, 213]
[52, 213]
[54, 213]
[56, 213]
[58, 213]
[60, 213]
[138, 213]
[62, 213]
[64, 213]
[66, 213]
[68, 213]
[70, 213]
[72, 213]
[140, 213]
[74, 213]
[76, 213]
[213, 226]
[78, 213]
[80, 213]
[82, 213]
[84, 213]
[86, 213]
[88, 213]
[90, 213]
[92, 213]
[94, 213]
[96, 213]
[144, 213]
[98, 213]
[100, 213]
[102, 213]
[104, 213]
[106, 213]
[108, 213]
[146, 213]
[110, 213]
[112, 213]
[114, 213]
[116, 213]
[213, 254]
[118, 213]
[120, 213]
[122, 213]
[124, 213]
[213, 234]
[126, 213]
[0, 213]
[2, 213]
[4, 213]
[6, 213]
[172, 213]
[12, 213]
[22, 213]
[128, 215]
[8, 215]
[10, 215]
[130, 215]
[142, 215]
[148, 215]
[24, 215]
[132, 215]
[26, 215]
[28, 215]
[30, 215]
[32, 215]
[34, 215]
[36, 215]
[134, 215]
[38, 215]
[40, 215]
[42, 215]
[44, 215]
[46, 215]
[48, 215]
[136, 215]
[50, 215]
[52, 215]
[54, 215]
[56, 215]
[58, 215]
[60, 215]
[138, 215]
[62, 215]
[64, 215]
[66, 215]
[68, 215]
[70, 215]
[72, 215]
[140, 215]
[74, 215]
[76, 215]
[215, 226]
[78, 215]
[80, 215]
[82, 215]
[84, 215]
[86, 215]
[88, 215]
[90, 215]
[92, 215]
[94, 215]
[96, 215]
[144, 215]
[98, 215]
[100, 215]
[102, 215]
[104, 215]
[106, 215]
[108, 215]
[146, 215]
[110, 215]
[112, 215]
[114, 215]
[116, 215]
[215, 254]
[118, 215]
[120, 215]
[122, 215]
[124, 215]
[215, 234]
[126, 215]
[0, 215]
[2, 215]
[4, 215]
[6, 215]
[172, 215]
[12, 215]
[22, 215]
[128, 217]
[8, 217]
[10, 217]
[130, 217]
[142, 217]
[148, 217]
[24, 217]
[132, 217]
[26, 217]
[28, 217]
[30, 217]
[32, 217]
[34, 217]
[36, 217]
[134, 217]
[38, 217]
[40, 217]
[42, 217]
[44, 217]
[46, 217]
[48, 217]
[136, 217]
[50, 217]
[52, 217]
[54, 217]
[56, 217]
[58, 217]
[60, 217]
[138, 217]
[62, 217]
[64, 217]
[66, 217]
[68, 217]
[70, 217]
[72, 217]
[140, 217]
[74, 217]
[76, 217]
[217, 226]
[78, 217]
[80, 217]
[82, 217]
[84, 217]
[86, 217]
[88, 217]
[90, 217]
[92, 217]
[94, 217]
[96, 217]
[144, 217]
[98, 217]
[100, 217]
[102, 217]
[104, 217]
[106, 217]
[108, 217]
[146, 217]
[110, 217]
[112, 217]
[114, 217]
[116, 217]
[217, 254]
[118, 217]
[120, 217]
[122, 217]
[124, 217]
[217, 234]
[126, 217]
[0, 217]
[2, 217]
[4, 217]
[6, 217]
[172, 217]
[12, 217]
[22, 217]
[128, 219]
[8, 219]
[10, 219]
[130, 219]
[142, 219]
[148, 219]
[24, 219]
[132, 219]
[26, 219]
[28, 219]
[30, 219]
[32, 219]
[34, 219]
[36, 219]
[134, 219]
[38, 219]
[40, 219]
[42, 219]
[44, 219]
[46, 219]
[48, 219]
[136, 219]
[50, 219]
[52, 219]
[54, 219]
[56, 219]
[58, 219]
[60, 219]
[138, 219]
[62, 219]
[64, 219]
[66, 219]
[68, 219]
[70, 219]
[72, 219]
[140, 219]
[74, 219]
[76, 219]
[219, 226]
[78, 219]
[80, 219]
[82, 219]
[84, 219]
[86, 219]
[88, 219]
[90, 219]
[92, 219]
[94, 219]
[96, 219]
[144, 219]
[98, 219]
[100, 219]
[102, 219]
[104, 219]
[106, 219]
[108, 219]
[146, 219]
[110, 219]
[112, 219]
[114, 219]
[116, 219]
[219, 254]
[118, 219]
[120, 219]
[122, 219]
[124, 219]
[219, 234]
[126, 219]
[0, 219]
[2, 219]
[4, 219]
[6, 219]
[172, 219]
[12, 219]
[22, 219]
[128, 221]
[8, 221]
[10, 221]
[130, 221]
[142, 221]
[148, 221]
[24, 221]
[132, 221]
[26, 221]
[28, 221]
[30, 221]
[32, 221]
[34, 221]
[36, 221]
[134, 221]
[38, 221]
[40, 221]
[42, 221]
[44, 221]
[46, 221]
[48, 221]
[136, 221]
[50, 221]
[52, 221]
[54, 221]
[56, 221]
[58, 221]
[60, 221]
[138, 221]
[62, 221]
[64, 221]
[66, 221]
[68, 221]
[70, 221]
[72, 221]
[140, 221]
[74, 221]
[76, 221]
[221, 226]
[78, 221]
[80, 221]
[82, 221]
[84, 221]
[86, 221]
[88, 221]
[90, 221]
[92, 221]
[94, 221]
[96, 221]
[144, 221]
[98, 221]
[100, 221]
[102, 221]
[104, 221]
[106, 221]
[108, 221]
[146, 221]
[110, 221]
[112, 221]
[114, 221]
[116, 221]
[221, 254]
[118, 221]
[120, 221]
[122, 221]
[124, 221]
[221, 234]
[126, 221]
[0, 221]
[2, 221]
[4, 221]
[6, 221]
[172, 221]
[12, 221]
[22, 221]
[128, 223]
[8, 223]
[10, 223]
[130, 223]
[142, 223]
[148, 223]
[24, 223]
[132, 223]
[26, 223]
[28, 223]
[30, 223]
[32, 223]
[34, 223]
[36, 223]
[134, 223]
[38, 223]
[40, 223]
[42, 223]
[44, 223]
[46, 223]
[48, 223]
[136, 223]
[50, 223]
[52, 223]
[54, 223]
[56, 223]
[58, 223]
[60, 223]
[138, 223]
[62, 223]
[64, 223]
[66, 223]
[68, 223]
[70, 223]
[72, 223]
[140, 223]
[74, 223]
[76, 223]
[223, 226]
[78, 223]
[80, 223]
[82, 223]
[84, 223]
[86, 223]
[88, 223]
[90, 223]
[92, 223]
[94, 223]
[96, 223]
[144, 223]
[98, 223]
[100, 223]
[102, 223]
[104, 223]
[106, 223]
[108, 223]
[146, 223]
[110, 223]
[112, 223]
[114, 223]
[116, 223]
[223, 254]
[118, 223]
[120, 223]
[122, 223]
[124, 223]
[223, 234]
[126, 223]
[0, 223]
[2, 223]
[4, 223]
[6, 223]
[172, 223]
[12, 223]
[22, 223]
[128, 263]
[8, 263]
[10, 263]
[130, 263]
[142, 263]
[148, 263]
[24, 263]
[132, 263]
[26, 263]
[28, 263]
[30, 263]
[32, 263]
[34, 263]
[36, 263]
[134, 263]
[38, 263]
[40, 263]
[42, 263]
[44, 263]
[46, 263]
[48, 263]
[136, 263]
[50, 263]
[52, 263]
[54, 263]
[56, 263]
[58, 263]
[60, 263]
[138, 263]
[62, 263]
[64, 263]
[66, 263]
[68, 263]
[70, 263]
[72, 263]
[140, 263]
[74, 263]
[76, 263]
[226, 263]
[78, 263]
[80, 263]
[82, 263]
[84, 263]
[86, 263]
[88, 263]
[90, 263]
[92, 263]
[94, 263]
[96, 263]
[144, 263]
[98, 263]
[100, 263]
[102, 263]
[104, 263]
[106, 263]
[108, 263]
[146, 263]
[110, 263]
[112, 263]
[114, 263]
[116, 263]
[254, 263]
[118, 263]
[120, 263]
[122, 263]
[124, 263]
[234, 263]
[126, 263]
[0, 263]
[2, 263]
[4, 263]
[6, 263]
[172, 263]
[12, 263]
[22, 263]
[128, 225]
[8, 225]
[10, 225]
[130, 225]
[142, 225]
[148, 225]
[24, 225]
[132, 225]
[26, 225]
[28, 225]
[30, 225]
[32, 225]
[34, 225]
[36, 225]
[134, 225]
[38, 225]
[40, 225]
[42, 225]
[44, 225]
[46, 225]
[48, 225]
[136, 225]
[50, 225]
[52, 225]
[54, 225]
[56, 225]
[58, 225]
[60, 225]
[138, 225]
[62, 225]
[64, 225]
[66, 225]
[68, 225]
[70, 225]
[72, 225]
[140, 225]
[74, 225]
[76, 225]
[225, 226]
[78, 225]
[80, 225]
[82, 225]
[84, 225]
[86, 225]
[88, 225]
[90, 225]
[92, 225]
[94, 225]
[96, 225]
[144, 225]
[98, 225]
[100, 225]
[102, 225]
[104, 225]
[106, 225]
[108, 225]
[146, 225]
[110, 225]
[112, 225]
[114, 225]
[116, 225]
[225, 254]
[118, 225]
[120, 225]
[122, 225]
[124, 225]
[225, 234]
[126, 225]
[0, 225]
[2, 225]
[4, 225]
[6, 225]
[172, 225]
[12, 225]
[22, 225]
[128, 226]
[8, 226]
[10, 226]
[130, 226]
[142, 226]
[24, 226]
[26, 226]
[28, 226]
[30, 226]
[32, 226]
[34, 226]
[36, 226]
[38, 226]
[40, 226]
[42, 226]
[44, 226]
[46, 226]
[48, 226]
[50, 226]
[52, 226]
[54, 226]
[56, 226]
[58, 226]
[60, 226]
[62, 226]
[64, 226]
[66, 226]
[68, 226]
[70, 226]
[72, 226]
[74, 226]
[76, 226]
[78, 226]
[80, 226]
[82, 226]
[84, 226]
[86, 226]
[88, 226]
[90, 226]
[92, 226]
[94, 226]
[96, 226]
[98, 226]
[100, 226]
[102, 226]
[104, 226]
[106, 226]
[108, 226]
[110, 226]
[112, 226]
[114, 226]
[116, 226]
[118, 226]
[120, 226]
[122, 226]
[124, 226]
[126, 226]
[132, 226]
[134, 226]
[136, 226]
[138, 226]
[140, 226]
[144, 226]
[146, 226]
[148, 226]
[226, 227]
[226, 229]
[226, 231]
[226, 233]
[226, 235]
[226, 237]
[226, 239]
[226, 241]
[226, 243]
[226, 245]
[226, 247]
[226, 249]
[226, 251]
[226, 253]
[226, 255]
[0, 226]
[1, 226]
[2, 226]
[5, 226]
[6, 226]
[12, 226]
[15, 226]
[21, 226]
[22, 226]
[31, 226]
[33, 226]
[35, 226]
[47, 226]
[49, 226]
[51, 226]
[55, 226]
[57, 226]
[59, 226]
[61, 226]
[63, 226]
[67, 226]
[69, 226]
[71, 226]
[75, 226]
[79, 226]
[81, 226]
[83, 226]
[87, 226]
[89, 226]
[91, 226]
[93, 226]
[95, 226]
[97, 226]
[101, 226]
[103, 226]
[105, 226]
[111, 226]
[113, 226]
[115, 226]
[119, 226]
[121, 226]
[123, 226]
[125, 226]
[129, 226]
[131, 226]
[133, 226]
[137, 226]
[139, 226]
[143, 226]
[145, 226]
[147, 226]
[226, 277]
[7, 226]
[13, 226]
[23, 226]
[25, 226]
[27, 226]
[29, 226]
[39, 226]
[41, 226]
[43, 226]
[53, 226]
[77, 226]
[85, 226]
[109, 226]
[117, 226]
[141, 226]
[149, 226]
[128, 227]
[8, 227]
[10, 227]
[130, 227]
[142, 227]
[148, 227]
[24, 227]
[132, 227]
[26, 227]
[28, 227]
[30, 227]
[32, 227]
[34, 227]
[36, 227]
[134, 227]
[38, 227]
[40, 227]
[42, 227]
[44, 227]
[46, 227]
[48, 227]
[136, 227]
[50, 227]
[52, 227]
[54, 227]
[56, 227]
[58, 227]
[60, 227]
[138, 227]
[62, 227]
[64, 227]
[66, 227]
[68, 227]
[70, 227]
[72, 227]
[140, 227]
[74, 227]
[76, 227]
[78, 227]
[80, 227]
[82, 227]
[84, 227]
[86, 227]
[88, 227]
[90, 227]
[92, 227]
[94, 227]
[96, 227]
[144, 227]
[98, 227]
[100, 227]
[102, 227]
[104, 227]
[106, 227]
[108, 227]
[146, 227]
[110, 227]
[112, 227]
[114, 227]
[116, 227]
[227, 254]
[118, 227]
[120, 227]
[122, 227]
[124, 227]
[227, 234]
[126, 227]
[0, 227]
[2, 227]
[4, 227]
[6, 227]
[172, 227]
[12, 227]
[22, 227]
[128, 229]
[8, 229]
[10, 229]
[130, 229]
[142, 229]
[148, 229]
[24, 229]
[132, 229]
[26, 229]
[28, 229]
[30, 229]
[32, 229]
[34, 229]
[36, 229]
[134, 229]
[38, 229]
[40, 229]
[42, 229]
[44, 229]
[46, 229]
[48, 229]
[136, 229]
[50, 229]
[52, 229]
[54, 229]
[56, 229]
[58, 229]
[60, 229]
[138, 229]
[62, 229]
[64, 229]
[66, 229]
[68, 229]
[70, 229]
[72, 229]
[140, 229]
[74, 229]
[76, 229]
[78, 229]
[80, 229]
[82, 229]
[84, 229]
[86, 229]
[88, 229]
[90, 229]
[92, 229]
[94, 229]
[96, 229]
[144, 229]
[98, 229]
[100, 229]
[102, 229]
[104, 229]
[106, 229]
[108, 229]
[146, 229]
[110, 229]
[112, 229]
[114, 229]
[116, 229]
[229, 254]
[118, 229]
[120, 229]
[122, 229]
[124, 229]
[229, 234]
[126, 229]
[0, 229]
[2, 229]
[4, 229]
[6, 229]
[172, 229]
[12, 229]
[22, 229]
[128, 231]
[8, 231]
[10, 231]
[130, 231]
[142, 231]
[148, 231]
[24, 231]
[132, 231]
[26, 231]
[28, 231]
[30, 231]
[32, 231]
[34, 231]
[36, 231]
[134, 231]
[38, 231]
[40, 231]
[42, 231]
[44, 231]
[46, 231]
[48, 231]
[136, 231]
[50, 231]
[52, 231]
[54, 231]
[56, 231]
[58, 231]
[60, 231]
[138, 231]
[62, 231]
[64, 231]
[66, 231]
[68, 231]
[70, 231]
[72, 231]
[140, 231]
[74, 231]
[76, 231]
[78, 231]
[80, 231]
[82, 231]
[84, 231]
[86, 231]
[88, 231]
[90, 231]
[92, 231]
[94, 231]
[96, 231]
[144, 231]
[98, 231]
[100, 231]
[102, 231]
[104, 231]
[106, 231]
[108, 231]
[146, 231]
[110, 231]
[112, 231]
[114, 231]
[116, 231]
[231, 254]
[118, 231]
[120, 231]
[122, 231]
[124, 231]
[231, 234]
[126, 231]
[0, 231]
[2, 231]
[4, 231]
[6, 231]
[172, 231]
[12, 231]
[22, 231]
[128, 233]
[8, 233]
[10, 233]
[130, 233]
[142, 233]
[148, 233]
[24, 233]
[132, 233]
[26, 233]
[28, 233]
[30, 233]
[32, 233]
[34, 233]
[36, 233]
[134, 233]
[38, 233]
[40, 233]
[42, 233]
[44, 233]
[46, 233]
[48, 233]
[136, 233]
[50, 233]
[52, 233]
[54, 233]
[56, 233]
[58, 233]
[60, 233]
[138, 233]
[62, 233]
[64, 233]
[66, 233]
[68, 233]
[70, 233]
[72, 233]
[140, 233]
[74, 233]
[76, 233]
[78, 233]
[80, 233]
[82, 233]
[84, 233]
[86, 233]
[88, 233]
[90, 233]
[92, 233]
[94, 233]
[96, 233]
[144, 233]
[98, 233]
[100, 233]
[102, 233]
[104, 233]
[106, 233]
[108, 233]
[146, 233]
[110, 233]
[112, 233]
[114, 233]
[116, 233]
[233, 254]
[118, 233]
[120, 233]
[122, 233]
[124, 233]
[233, 234]
[126, 233]
[0, 233]
[2, 233]
[4, 233]
[6, 233]
[172, 233]
[12, 233]
[22, 233]
[128, 234]
[8, 234]
[10, 234]
[130, 234]
[142, 234]
[24, 234]
[26, 234]
[28, 234]
[30, 234]
[32, 234]
[34, 234]
[36, 234]
[38, 234]
[40, 234]
[42, 234]
[44, 234]
[46, 234]
[48, 234]
[50, 234]
[52, 234]
[54, 234]
[56, 234]
[58, 234]
[60, 234]
[62, 234]
[64, 234]
[66, 234]
[68, 234]
[70, 234]
[72, 234]
[74, 234]
[76, 234]
[78, 234]
[80, 234]
[82, 234]
[84, 234]
[86, 234]
[88, 234]
[90, 234]
[92, 234]
[94, 234]
[96, 234]
[98, 234]
[100, 234]
[102, 234]
[104, 234]
[106, 234]
[108, 234]
[110, 234]
[112, 234]
[114, 234]
[116, 234]
[118, 234]
[120, 234]
[122, 234]
[124, 234]
[126, 234]
[132, 234]
[134, 234]
[136, 234]
[138, 234]
[140, 234]
[144, 234]
[146, 234]
[148, 234]
[234, 235]
[234, 237]
[234, 239]
[234, 241]
[234, 243]
[234, 245]
[234, 247]
[234, 249]
[234, 251]
[234, 253]
[234, 255]
[0, 234]
[1, 234]
[2, 234]
[5, 234]
[6, 234]
[12, 234]
[15, 234]
[21, 234]
[22, 234]
[31, 234]
[33, 234]
[35, 234]
[47, 234]
[49, 234]
[51, 234]
[55, 234]
[57, 234]
[59, 234]
[61, 234]
[63, 234]
[67, 234]
[69, 234]
[71, 234]
[75, 234]
[79, 234]
[81, 234]
[83, 234]
[87, 234]
[89, 234]
[91, 234]
[93, 234]
[95, 234]
[97, 234]
[101, 234]
[103, 234]
[105, 234]
[111, 234]
[113, 234]
[115, 234]
[119, 234]
[121, 234]
[123, 234]
[125, 234]
[129, 234]
[131, 234]
[133, 234]
[137, 234]
[139, 234]
[143, 234]
[145, 234]
[147, 234]
[234, 277]
[7, 234]
[13, 234]
[23, 234]
[25, 234]
[27, 234]
[29, 234]
[39, 234]
[41, 234]
[43, 234]
[53, 234]
[77, 234]
[85, 234]
[109, 234]
[117, 234]
[141, 234]
[149, 234]
[128, 235]
[8, 235]
[10, 235]
[130, 235]
[142, 235]
[148, 235]
[24, 235]
[132, 235]
[26, 235]
[28, 235]
[30, 235]
[32, 235]
[34, 235]
[36, 235]
[134, 235]
[38, 235]
[40, 235]
[42, 235]
[44, 235]
[46, 235]
[48, 235]
[136, 235]
[50, 235]
[52, 235]
[54, 235]
[56, 235]
[58, 235]
[60, 235]
[138, 235]
[62, 235]
[64, 235]
[66, 235]
[68, 235]
[70, 235]
[72, 235]
[140, 235]
[74, 235]
[76, 235]
[78, 235]
[80, 235]
[82, 235]
[84, 235]
[86, 235]
[88, 235]
[90, 235]
[92, 235]
[94, 235]
[96, 235]
[144, 235]
[98, 235]
[100, 235]
[102, 235]
[104, 235]
[106, 235]
[108, 235]
[146, 235]
[110, 235]
[112, 235]
[114, 235]
[116, 235]
[235, 254]
[118, 235]
[120, 235]
[122, 235]
[124, 235]
[126, 235]
[0, 235]
[2, 235]
[4, 235]
[6, 235]
[172, 235]
[12, 235]
[22, 235]
[128, 237]
[8, 237]
[10, 237]
[130, 237]
[142, 237]
[148, 237]
[24, 237]
[132, 237]
[26, 237]
[28, 237]
[30, 237]
[32, 237]
[34, 237]
[36, 237]
[134, 237]
[38, 237]
[40, 237]
[42, 237]
[44, 237]
[46, 237]
[48, 237]
[136, 237]
[50, 237]
[52, 237]
[54, 237]
[56, 237]
[58, 237]
[60, 237]
[138, 237]
[62, 237]
[64, 237]
[66, 237]
[68, 237]
[70, 237]
[72, 237]
[140, 237]
[74, 237]
[76, 237]
[78, 237]
[80, 237]
[82, 237]
[84, 237]
[86, 237]
[88, 237]
[90, 237]
[92, 237]
[94, 237]
[96, 237]
[144, 237]
[98, 237]
[100, 237]
[102, 237]
[104, 237]
[106, 237]
[108, 237]
[146, 237]
[110, 237]
[112, 237]
[114, 237]
[116, 237]
[237, 254]
[118, 237]
[120, 237]
[122, 237]
[124, 237]
[126, 237]
[0, 237]
[2, 237]
[4, 237]
[6, 237]
[172, 237]
[12, 237]
[22, 237]
[128, 239]
[8, 239]
[10, 239]
[130, 239]
[142, 239]
[148, 239]
[24, 239]
[132, 239]
[26, 239]
[28, 239]
[30, 239]
[32, 239]
[34, 239]
[36, 239]
[134, 239]
[38, 239]
[40, 239]
[42, 239]
[44, 239]
[46, 239]
[48, 239]
[136, 239]
[50, 239]
[52, 239]
[54, 239]
[56, 239]
[58, 239]
[60, 239]
[138, 239]
[62, 239]
[64, 239]
[66, 239]
[68, 239]
[70, 239]
[72, 239]
[140, 239]
[74, 239]
[76, 239]
[78, 239]
[80, 239]
[82, 239]
[84, 239]
[86, 239]
[88, 239]
[90, 239]
[92, 239]
[94, 239]
[96, 239]
[144, 239]
[98, 239]
[100, 239]
[102, 239]
[104, 239]
[106, 239]
[108, 239]
[146, 239]
[110, 239]
[112, 239]
[114, 239]
[116, 239]
[239, 254]
[118, 239]
[120, 239]
[122, 239]
[124, 239]
[126, 239]
[0, 239]
[2, 239]
[4, 239]
[6, 239]
[172, 239]
[12, 239]
[22, 239]
[128, 241]
[8, 241]
[10, 241]
[130, 241]
[142, 241]
[148, 241]
[24, 241]
[132, 241]
[26, 241]
[28, 241]
[30, 241]
[32, 241]
[34, 241]
[36, 241]
[134, 241]
[38, 241]
[40, 241]
[42, 241]
[44, 241]
[46, 241]
[48, 241]
[136, 241]
[50, 241]
[52, 241]
[54, 241]
[56, 241]
[58, 241]
[60, 241]
[138, 241]
[62, 241]
[64, 241]
[66, 241]
[68, 241]
[70, 241]
[72, 241]
[140, 241]
[74, 241]
[76, 241]
[78, 241]
[80, 241]
[82, 241]
[84, 241]
[86, 241]
[88, 241]
[90, 241]
[92, 241]
[94, 241]
[96, 241]
[144, 241]
[98, 241]
[100, 241]
[102, 241]
[104, 241]
[106, 241]
[108, 241]
[146, 241]
[110, 241]
[112, 241]
[114, 241]
[116, 241]
[241, 254]
[118, 241]
[120, 241]
[122, 241]
[124, 241]
[126, 241]
[0, 241]
[2, 241]
[4, 241]
[6, 241]
[172, 241]
[12, 241]
[22, 241]
[128, 243]
[8, 243]
[10, 243]
[130, 243]
[142, 243]
[148, 243]
[24, 243]
[132, 243]
[26, 243]
[28, 243]
[30, 243]
[32, 243]
[34, 243]
[36, 243]
[134, 243]
[38, 243]
[40, 243]
[42, 243]
[44, 243]
[46, 243]
[48, 243]
[136, 243]
[50, 243]
[52, 243]
[54, 243]
[56, 243]
[58, 243]
[60, 243]
[138, 243]
[62, 243]
[64, 243]
[66, 243]
[68, 243]
[70, 243]
[72, 243]
[140, 243]
[74, 243]
[76, 243]
[78, 243]
[80, 243]
[82, 243]
[84, 243]
[86, 243]
[88, 243]
[90, 243]
[92, 243]
[94, 243]
[96, 243]
[144, 243]
[98, 243]
[100, 243]
[102, 243]
[104, 243]
[106, 243]
[108, 243]
[146, 243]
[110, 243]
[112, 243]
[114, 243]
[116, 243]
[243, 254]
[118, 243]
[120, 243]
[122, 243]
[124, 243]
[126, 243]
[0, 243]
[2, 243]
[4, 243]
[6, 243]
[172, 243]
[12, 243]
[22, 243]
[128, 245]
[8, 245]
[10, 245]
[130, 245]
[142, 245]
[148, 245]
[24, 245]
[132, 245]
[26, 245]
[28, 245]
[30, 245]
[32, 245]
[34, 245]
[36, 245]
[134, 245]
[38, 245]
[40, 245]
[42, 245]
[44, 245]
[46, 245]
[48, 245]
[136, 245]
[50, 245]
[52, 245]
[54, 245]
[56, 245]
[58, 245]
[60, 245]
[138, 245]
[62, 245]
[64, 245]
[66, 245]
[68, 245]
[70, 245]
[72, 245]
[140, 245]
[74, 245]
[76, 245]
[78, 245]
[80, 245]
[82, 245]
[84, 245]
[86, 245]
[88, 245]
[90, 245]
[92, 245]
[94, 245]
[96, 245]
[144, 245]
[98, 245]
[100, 245]
[102, 245]
[104, 245]
[106, 245]
[108, 245]
[146, 245]
[110, 245]
[112, 245]
[114, 245]
[116, 245]
[245, 254]
[118, 245]
[120, 245]
[122, 245]
[124, 245]
[126, 245]
[0, 245]
[2, 245]
[4, 245]
[6, 245]
[172, 245]
[12, 245]
[22, 245]
[128, 247]
[8, 247]
[10, 247]
[130, 247]
[142, 247]
[148, 247]
[24, 247]
[132, 247]
[26, 247]
[28, 247]
[30, 247]
[32, 247]
[34, 247]
[36, 247]
[134, 247]
[38, 247]
[40, 247]
[42, 247]
[44, 247]
[46, 247]
[48, 247]
[136, 247]
[50, 247]
[52, 247]
[54, 247]
[56, 247]
[58, 247]
[60, 247]
[138, 247]
[62, 247]
[64, 247]
[66, 247]
[68, 247]
[70, 247]
[72, 247]
[140, 247]
[74, 247]
[76, 247]
[78, 247]
[80, 247]
[82, 247]
[84, 247]
[86, 247]
[88, 247]
[90, 247]
[92, 247]
[94, 247]
[96, 247]
[144, 247]
[98, 247]
[100, 247]
[102, 247]
[104, 247]
[106, 247]
[108, 247]
[146, 247]
[110, 247]
[112, 247]
[114, 247]
[116, 247]
[247, 254]
[118, 247]
[120, 247]
[122, 247]
[124, 247]
[126, 247]
[0, 247]
[2, 247]
[4, 247]
[6, 247]
[172, 247]
[12, 247]
[22, 247]
[128, 249]
[8, 249]
[10, 249]
[130, 249]
[142, 249]
[148, 249]
[24, 249]
[132, 249]
[26, 249]
[28, 249]
[30, 249]
[32, 249]
[34, 249]
[36, 249]
[134, 249]
[38, 249]
[40, 249]
[42, 249]
[44, 249]
[46, 249]
[48, 249]
[136, 249]
[50, 249]
[52, 249]
[54, 249]
[56, 249]
[58, 249]
[60, 249]
[138, 249]
[62, 249]
[64, 249]
[66, 249]
[68, 249]
[70, 249]
[72, 249]
[140, 249]
[74, 249]
[76, 249]
[78, 249]
[80, 249]
[82, 249]
[84, 249]
[86, 249]
[88, 249]
[90, 249]
[92, 249]
[94, 249]
[96, 249]
[144, 249]
[98, 249]
[100, 249]
[102, 249]
[104, 249]
[106, 249]
[108, 249]
[146, 249]
[110, 249]
[112, 249]
[114, 249]
[116, 249]
[249, 254]
[118, 249]
[120, 249]
[122, 249]
[124, 249]
[126, 249]
[0, 249]
[2, 249]
[4, 249]
[6, 249]
[172, 249]
[12, 249]
[22, 249]
[128, 251]
[8, 251]
[10, 251]
[130, 251]
[142, 251]
[148, 251]
[24, 251]
[132, 251]
[26, 251]
[28, 251]
[30, 251]
[32, 251]
[34, 251]
[36, 251]
[134, 251]
[38, 251]
[40, 251]
[42, 251]
[44, 251]
[46, 251]
[48, 251]
[136, 251]
[50, 251]
[52, 251]
[54, 251]
[56, 251]
[58, 251]
[60, 251]
[138, 251]
[62, 251]
[64, 251]
[66, 251]
[68, 251]
[70, 251]
[72, 251]
[140, 251]
[74, 251]
[76, 251]
[78, 251]
[80, 251]
[82, 251]
[84, 251]
[86, 251]
[88, 251]
[90, 251]
[92, 251]
[94, 251]
[96, 251]
[144, 251]
[98, 251]
[100, 251]
[102, 251]
[104, 251]
[106, 251]
[108, 251]
[146, 251]
[110, 251]
[112, 251]
[114, 251]
[116, 251]
[251, 254]
[118, 251]
[120, 251]
[122, 251]
[124, 251]
[126, 251]
[0, 251]
[2, 251]
[4, 251]
[6, 251]
[172, 251]
[12, 251]
[22, 251]
[128, 253]
[8, 253]
[10, 253]
[130, 253]
[142, 253]
[148, 253]
[24, 253]
[132, 253]
[26, 253]
[28, 253]
[30, 253]
[32, 253]
[34, 253]
[36, 253]
[134, 253]
[38, 253]
[40, 253]
[42, 253]
[44, 253]
[46, 253]
[48, 253]
[136, 253]
[50, 253]
[52, 253]
[54, 253]
[56, 253]
[58, 253]
[60, 253]
[138, 253]
[62, 253]
[64, 253]
[66, 253]
[68, 253]
[70, 253]
[72, 253]
[140, 253]
[74, 253]
[76, 253]
[78, 253]
[80, 253]
[82, 253]
[84, 253]
[86, 253]
[88, 253]
[90, 253]
[92, 253]
[94, 253]
[96, 253]
[144, 253]
[98, 253]
[100, 253]
[102, 253]
[104, 253]
[106, 253]
[108, 253]
[146, 253]
[110, 253]
[112, 253]
[114, 253]
[116, 253]
[253, 254]
[118, 253]
[120, 253]
[122, 253]
[124, 253]
[126, 253]
[0, 253]
[2, 253]
[4, 253]
[6, 253]
[172, 253]
[12, 253]
[22, 253]
[128, 254]
[8, 254]
[10, 254]
[130, 254]
[142, 254]
[24, 254]
[26, 254]
[28, 254]
[30, 254]
[32, 254]
[34, 254]
[36, 254]
[38, 254]
[40, 254]
[42, 254]
[44, 254]
[46, 254]
[48, 254]
[50, 254]
[52, 254]
[54, 254]
[56, 254]
[58, 254]
[60, 254]
[62, 254]
[64, 254]
[66, 254]
[68, 254]
[70, 254]
[72, 254]
[74, 254]
[76, 254]
[78, 254]
[80, 254]
[82, 254]
[84, 254]
[86, 254]
[88, 254]
[90, 254]
[92, 254]
[94, 254]
[96, 254]
[98, 254]
[100, 254]
[102, 254]
[104, 254]
[106, 254]
[108, 254]
[110, 254]
[112, 254]
[114, 254]
[116, 254]
[118, 254]
[120, 254]
[122, 254]
[124, 254]
[126, 254]
[132, 254]
[134, 254]
[136, 254]
[138, 254]
[140, 254]
[144, 254]
[146, 254]
[148, 254]
[254, 255]
[0, 254]
[1, 254]
[2, 254]
[5, 254]
[6, 254]
[12, 254]
[15, 254]
[21, 254]
[22, 254]
[31, 254]
[33, 254]
[35, 254]
[47, 254]
[49, 254]
[51, 254]
[55, 254]
[57, 254]
[59, 254]
[61, 254]
[63, 254]
[67, 254]
[69, 254]
[71, 254]
[75, 254]
[79, 254]
[81, 254]
[83, 254]
[87, 254]
[89, 254]
[91, 254]
[93, 254]
[95, 254]
[97, 254]
[101, 254]
[103, 254]
[105, 254]
[111, 254]
[113, 254]
[115, 254]
[119, 254]
[121, 254]
[123, 254]
[125, 254]
[129, 254]
[131, 254]
[133, 254]
[137, 254]
[139, 254]
[143, 254]
[145, 254]
[147, 254]
[254, 277]
[7, 254]
[13, 254]
[23, 254]
[25, 254]
[27, 254]
[29, 254]
[39, 254]
[41, 254]
[43, 254]
[53, 254]
[77, 254]
[85, 254]
[109, 254]
[117, 254]
[141, 254]
[149, 254]
[128, 255]
[8, 255]
[10, 255]
[130, 255]
[142, 255]
[148, 255]
[24, 255]
[132, 255]
[26, 255]
[28, 255]
[30, 255]
[32, 255]
[34, 255]
[36, 255]
[134, 255]
[38, 255]
[40, 255]
[42, 255]
[44, 255]
[46, 255]
[48, 255]
[136, 255]
[50, 255]
[52, 255]
[54, 255]
[56, 255]
[58, 255]
[60, 255]
[138, 255]
[62, 255]
[64, 255]
[66, 255]
[68, 255]
[70, 255]
[72, 255]
[140, 255]
[74, 255]
[76, 255]
[78, 255]
[80, 255]
[82, 255]
[84, 255]
[86, 255]
[88, 255]
[90, 255]
[92, 255]
[94, 255]
[96, 255]
[144, 255]
[98, 255]
[100, 255]
[102, 255]
[104, 255]
[106, 255]
[108, 255]
[146, 255]
[110, 255]
[112, 255]
[114, 255]
[116, 255]
[118, 255]
[120, 255]
[122, 255]
[124, 255]
[126, 255]
[0, 255]
[2, 255]
[4, 255]
[6, 255]
[172, 255]
[12, 255]
[22, 255]
[1, 128]
[1, 8]
[1, 10]
[1, 130]
[1, 142]
[1, 148]
[1, 24]
[1, 132]
[1, 26]
[1, 28]
[1, 30]
[1, 32]
[1, 34]
[1, 36]
[1, 134]
[1, 38]
[1, 40]
[1, 42]
[1, 44]
[1, 46]
[1, 48]
[1, 136]
[1, 50]
[1, 52]
[1, 54]
[1, 56]
[1, 58]
[1, 60]
[1, 138]
[1, 62]
[1, 64]
[1, 66]
[1, 68]
[1, 70]
[1, 72]
[1, 140]
[1, 74]
[1, 76]
[1, 78]
[1, 80]
[1, 82]
[1, 84]
[1, 86]
[1, 88]
[1, 90]
[1, 92]
[1, 94]
[1, 96]
[1, 144]
[1, 98]
[1, 100]
[1, 102]
[1, 104]
[1, 106]
[1, 108]
[1, 146]
[1, 110]
[1, 112]
[1, 114]
[1, 116]
[1, 118]
[1, 120]
[1, 122]
[1, 124]
[1, 126]
[0, 1, 4]
[0, 1, 12]
[0, 1, 15]
[0, 1, 31]
[0, 1, 33]
[0, 1, 35]
[0, 1, 47]
[0, 1, 49]
[0, 1, 51]
[0, 1, 55]
[0, 1, 57]
[0, 1, 59]
[0, 1, 61]
[0, 1, 63]
[0, 1, 67]
[0, 1, 69]
[0, 1, 71]
[0, 1, 75]
[0, 1, 79]
[0, 1, 81]
[0, 1, 83]
[0, 1, 87]
[0, 1, 89]
[0, 1, 91]
[0, 1, 93]
[0, 1, 95]
[0, 1, 97]
[0, 1, 101]
[0, 1, 103]
[0, 1, 105]
[0, 1, 111]
[0, 1, 113]
[0, 1, 115]
[0, 1, 119]
[0, 1, 121]
[0, 1, 123]
[0, 1, 125]
[0, 1, 129]
[0, 1, 131]
[0, 1, 133]
[0, 1, 137]
[0, 1, 139]
[0, 1, 143]
[0, 1, 145]
[0, 1, 147]
[0, 1, 172]
[0, 1, 65]
[0, 1, 99]
[0, 1, 135]
[0, 1, 127]
[1, 2, 4]
[1, 2, 12]
[1, 2, 15]
[1, 2, 31]
[1, 2, 33]
[1, 2, 35]
[1, 2, 47]
[1, 2, 49]
[1, 2, 51]
[1, 2, 55]
[1, 2, 57]
[1, 2, 59]
[1, 2, 61]
[1, 2, 63]
[1, 2, 67]
[1, 2, 69]
[1, 2, 71]
[1, 2, 75]
[1, 2, 79]
[1, 2, 81]
[1, 2, 83]
[1, 2, 87]
[1, 2, 89]
[1, 2, 91]
[1, 2, 93]
[1, 2, 95]
[1, 2, 97]
[1, 2, 101]
[1, 2, 103]
[1, 2, 105]
[1, 2, 111]
[1, 2, 113]
[1, 2, 115]
[1, 2, 119]
[1, 2, 121]
[1, 2, 123]
[1, 2, 125]
[1, 2, 129]
[1, 2, 131]
[1, 2, 133]
[1, 2, 137]
[1, 2, 139]
[1, 2, 143]
[1, 2, 145]
[1, 2, 147]
[1, 2, 172]
[1, 2, 65]
[1, 2, 99]
[1, 2, 135]
[1, 2, 127]
[1, 4]
[1, 6, 12]
[1, 6, 15]
[1, 6, 31]
[1, 6, 33]
[1, 6, 35]
[1, 6, 47]
[1, 6, 49]
[1, 6, 51]
[1, 6, 55]
[1, 6, 57]
[1, 6, 59]
[1, 6, 61]
[1, 6, 63]
[1, 6, 67]
[1, 6, 69]
[1, 6, 71]
[1, 6, 75]
[1, 6, 79]
[1, 6, 81]
[1, 6, 83]
[1, 6, 87]
[1, 6, 89]
[1, 6, 91]
[1, 6, 93]
[1, 6, 95]
[1, 6, 97]
[1, 6, 101]
[1, 6, 103]
[1, 6, 105]
[1, 6, 111]
[1, 6, 113]
[1, 6, 115]
[1, 6, 119]
[1, 6, 121]
[1, 6, 123]
[1, 6, 125]
[1, 6, 129]
[1, 6, 131]
[1, 6, 133]
[1, 6, 137]
[1, 6, 139]
[1, 6, 143]
[1, 6, 145]
[1, 6, 147]
[1, 6, 172]
[1, 6, 65]
[1, 6, 99]
[1, 6, 135]
[1, 6, 127]
[1, 172]
[1, 12]
[1, 15, 22]
[1, 22, 31]
[1, 22, 33]
[1, 22, 35]
[1, 22, 47]
[1, 22, 49]
[1, 22, 51]
[1, 22, 55]
[1, 22, 57]
[1, 22, 59]
[1, 22, 61]
[1, 22, 63]
[1, 22, 67]
[1, 22, 69]
[1, 22, 71]
[1, 22, 75]
[1, 22, 79]
[1, 22, 81]
[1, 22, 83]
[1, 22, 87]
[1, 22, 89]
[1, 22, 91]
[1, 22, 93]
[1, 22, 95]
[1, 22, 97]
[1, 22, 101]
[1, 22, 103]
[1, 22, 105]
[1, 22, 111]
[1, 22, 113]
[1, 22, 115]
[1, 22, 119]
[1, 22, 121]
[1, 22, 123]
[1, 22, 125]
[1, 22, 129]
[1, 22, 131]
[1, 22, 133]
[1, 22, 137]
[1, 22, 139]
[1, 22, 143]
[1, 22, 145]
[1, 22, 147]
[1, 22, 65]
[1, 22, 99]
[1, 22, 135]
[1, 22, 127]
[4, 128]
[4, 8]
[4, 10]
[4, 130]
[4, 142]
[4, 148]
[4, 24]
[4, 132]
[4, 26]
[4, 28]
[4, 30]
[4, 32]
[4, 34]
[4, 36]
[4, 134]
[4, 38]
[4, 40]
[4, 42]
[4, 44]
[4, 46]
[4, 48]
[4, 136]
[4, 50]
[4, 52]
[4, 54]
[4, 56]
[4, 58]
[4, 60]
[4, 138]
[4, 62]
[4, 64]
[4, 66]
[4, 68]
[4, 70]
[4, 72]
[4, 140]
[4, 74]
[4, 76]
[4, 78]
[4, 80]
[4, 82]
[4, 84]
[4, 86]
[4, 88]
[4, 90]
[4, 92]
[4, 94]
[4, 96]
[4, 144]
[4, 98]
[4, 100]
[4, 102]
[4, 104]
[4, 106]
[4, 108]
[4, 146]
[4, 110]
[4, 112]
[4, 114]
[4, 116]
[4, 118]
[4, 120]
[4, 122]
[4, 124]
[4, 126]
[0, 4]
[2, 4]
[4, 5]
[4, 6]
[4, 21]
[4, 22]
[4, 31]
[4, 33]
[4, 35]
[4, 47]
[4, 49]
[4, 51]
[4, 55]
[4, 57]
[4, 59]
[4, 61]
[4, 63]
[4, 67]
[4, 69]
[4, 71]
[4, 75]
[4, 79]
[4, 81]
[4, 83]
[4, 87]
[4, 89]
[4, 91]
[4, 93]
[4, 95]
[4, 97]
[4, 101]
[4, 103]
[4, 105]
[4, 111]
[4, 113]
[4, 115]
[4, 119]
[4, 121]
[4, 123]
[4, 125]
[4, 129]
[4, 131]
[4, 133]
[4, 137]
[4, 139]
[4, 143]
[4, 145]
[4, 147]
[4, 277]
[4, 7]
[4, 13]
[4, 23]
[4, 25]
[4, 27]
[4, 29]
[4, 39]
[4, 41]
[4, 43]
[4, 53]
[4, 12, 65]
[4, 15, 65]
[4, 65, 77]
[4, 65, 85]
[4, 65, 109]
[4, 65, 117]
[4, 65, 141]
[4, 65, 149]
[4, 77]
[4, 85]
[4, 12, 99]
[4, 15, 99]
[4, 99, 109]
[4, 99, 117]
[4, 99, 141]
[4, 99, 149]
[4, 109]
[4, 117]
[4, 12, 135]
[4, 15, 135]
[4, 135, 141]
[4, 135, 149]
[4, 141]
[4, 149]
[4, 9, 12]
[4, 9, 15]
[4, 11, 12]
[4, 11, 15]
[4, 12, 37]
[4, 15, 37]
[4, 12, 45]
[4, 15, 45]
[4, 12, 73]
[4, 15, 73]
[4, 12, 107]
[4, 15, 107]
[5, 128]
[5, 8]
[5, 10]
[5, 130]
[5, 142]
[5, 148]
[5, 24]
[5, 132]
[5, 26]
[5, 28]
[5, 30]
[5, 32]
[5, 34]
[5, 36]
[5, 134]
[5, 38]
[5, 40]
[5, 42]
[5, 44]
[5, 46]
[5, 48]
[5, 136]
[5, 50]
[5, 52]
[5, 54]
[5, 56]
[5, 58]
[5, 60]
[5, 138]
[5, 62]
[5, 64]
[5, 66]
[5, 68]
[5, 70]
[5, 72]
[5, 140]
[5, 74]
[5, 76]
[5, 78]
[5, 80]
[5, 82]
[5, 84]
[5, 86]
[5, 88]
[5, 90]
[5, 92]
[5, 94]
[5, 96]
[5, 144]
[5, 98]
[5, 100]
[5, 102]
[5, 104]
[5, 106]
[5, 108]
[5, 146]
[5, 110]
[5, 112]
[5, 114]
[5, 116]
[5, 118]
[5, 120]
[5, 122]
[5, 124]
[5, 126]
[0, 5, 12]
[0, 5, 15]
[0, 5, 31]
[0, 5, 33]
[0, 5, 35]
[0, 5, 47]
[0, 5, 49]
[0, 5, 51]
[0, 5, 55]
[0, 5, 57]
[0, 5, 59]
[0, 5, 61]
[0, 5, 63]
[0, 5, 67]
[0, 5, 69]
[0, 5, 71]
[0, 5, 75]
[0, 5, 79]
[0, 5, 81]
[0, 5, 83]
[0, 5, 87]
[0, 5, 89]
[0, 5, 91]
[0, 5, 93]
[0, 5, 95]
[0, 5, 97]
[0, 5, 101]
[0, 5, 103]
[0, 5, 105]
[0, 5, 111]
[0, 5, 113]
[0, 5, 115]
[0, 5, 119]
[0, 5, 121]
[0, 5, 123]
[0, 5, 125]
[0, 5, 129]
[0, 5, 131]
[0, 5, 133]
[0, 5, 137]
[0, 5, 139]
[0, 5, 143]
[0, 5, 145]
[0, 5, 147]
[0, 5, 172]
[0, 5, 65]
[0, 5, 99]
[0, 5, 135]
[0, 5, 127]
[2, 5, 12]
[2, 5, 15]
[2, 5, 31]
[2, 5, 33]
[2, 5, 35]
[2, 5, 47]
[2, 5, 49]
[2, 5, 51]
[2, 5, 55]
[2, 5, 57]
[2, 5, 59]
[2, 5, 61]
[2, 5, 63]
[2, 5, 67]
[2, 5, 69]
[2, 5, 71]
[2, 5, 75]
[2, 5, 79]
[2, 5, 81]
[2, 5, 83]
[2, 5, 87]
[2, 5, 89]
[2, 5, 91]
[2, 5, 93]
[2, 5, 95]
[2, 5, 97]
[2, 5, 101]
[2, 5, 103]
[2, 5, 105]
[2, 5, 111]
[2, 5, 113]
[2, 5, 115]
[2, 5, 119]
[2, 5, 121]
[2, 5, 123]
[2, 5, 125]
[2, 5, 129]
[2, 5, 131]
[2, 5, 133]
[2, 5, 137]
[2, 5, 139]
[2, 5, 143]
[2, 5, 145]
[2, 5, 147]
[2, 5, 172]
[2, 5, 65]
[2, 5, 99]
[2, 5, 135]
[2, 5, 127]
[5, 6, 12]
[5, 6, 15]
[5, 6, 31]
[5, 6, 33]
[5, 6, 35]
[5, 6, 47]
[5, 6, 49]
[5, 6, 51]
[5, 6, 55]
[5, 6, 57]
[5, 6, 59]
[5, 6, 61]
[5, 6, 63]
[5, 6, 67]
[5, 6, 69]
[5, 6, 71]
[5, 6, 75]
[5, 6, 79]
[5, 6, 81]
[5, 6, 83]
[5, 6, 87]
[5, 6, 89]
[5, 6, 91]
[5, 6, 93]
[5, 6, 95]
[5, 6, 97]
[5, 6, 101]
[5, 6, 103]
[5, 6, 105]
[5, 6, 111]
[5, 6, 113]
[5, 6, 115]
[5, 6, 119]
[5, 6, 121]
[5, 6, 123]
[5, 6, 125]
[5, 6, 129]
[5, 6, 131]
[5, 6, 133]
[5, 6, 137]
[5, 6, 139]
[5, 6, 143]
[5, 6, 145]
[5, 6, 147]
[5, 6, 172]
[5, 6, 65]
[5, 6, 99]
[5, 6, 135]
[5, 6, 127]
[5, 172]
[5, 12]
[5, 15, 22]
[5, 22, 31]
[5, 22, 33]
[5, 22, 35]
[5, 22, 47]
[5, 22, 49]
[5, 22, 51]
[5, 22, 55]
[5, 22, 57]
[5, 22, 59]
[5, 22, 61]
[5, 22, 63]
[5, 22, 67]
[5, 22, 69]
[5, 22, 71]
[5, 22, 75]
[5, 22, 79]
[5, 22, 81]
[5, 22, 83]
[5, 22, 87]
[5, 22, 89]
[5, 22, 91]
[5, 22, 93]
[5, 22, 95]
[5, 22, 97]
[5, 22, 101]
[5, 22, 103]
[5, 22, 105]
[5, 22, 111]
[5, 22, 113]
[5, 22, 115]
[5, 22, 119]
[5, 22, 121]
[5, 22, 123]
[5, 22, 125]
[5, 22, 129]
[5, 22, 131]
[5, 22, 133]
[5, 22, 137]
[5, 22, 139]
[5, 22, 143]
[5, 22, 145]
[5, 22, 147]
[5, 22, 65]
[5, 22, 99]
[5, 22, 135]
[5, 22, 127]
[15, 128]
[8, 15]
[10, 15]
[15, 130]
[15, 142]
[15, 148]
[15, 24]
[15, 132]
[15, 26]
[15, 28]
[15, 30]
[15, 32]
[15, 34]
[15, 36]
[15, 134]
[15, 38]
[15, 40]
[15, 42]
[15, 44]
[15, 46]
[15, 48]
[15, 136]
[15, 50]
[15, 52]
[15, 54]
[15, 56]
[15, 58]
[15, 60]
[15, 138]
[15, 62]
[15, 64]
[15, 66]
[15, 68]
[15, 70]
[15, 72]
[15, 140]
[15, 74]
[15, 76]
[15, 78]
[15, 80]
[15, 82]
[15, 84]
[15, 86]
[15, 88]
[15, 90]
[15, 92]
[15, 94]
[15, 96]
[15, 144]
[15, 98]
[15, 100]
[15, 102]
[15, 104]
[15, 106]
[15, 108]
[15, 146]
[15, 110]
[15, 112]
[15, 114]
[15, 116]
[15, 118]
[15, 120]
[15, 122]
[15, 124]
[15, 126]
[0, 15]
[2, 15]
[6, 15]
[15, 21, 172]
[15, 22, 172]
[15, 31, 172]
[15, 33, 172]
[15, 35, 172]
[15, 47, 172]
[15, 49, 172]
[15, 51, 172]
[15, 55, 172]
[15, 57, 172]
[15, 59, 172]
[15, 61, 172]
[15, 63, 172]
[15, 67, 172]
[15, 69, 172]
[15, 71, 172]
[15, 75, 172]
[15, 79, 172]
[15, 81, 172]
[15, 83, 172]
[15, 87, 172]
[15, 89, 172]
[15, 91, 172]
[15, 93, 172]
[15, 95, 172]
[15, 97, 172]
[15, 101, 172]
[15, 103, 172]
[15, 105, 172]
[15, 111, 172]
[15, 113, 172]
[15, 115, 172]
[15, 119, 172]
[15, 121, 172]
[15, 123, 172]
[15, 125, 172]
[15, 129, 172]
[15, 131, 172]
[15, 133, 172]
[15, 137, 172]
[15, 139, 172]
[15, 143, 172]
[15, 145, 172]
[15, 147, 172]
[15, 172, 277]
[7, 15, 172]
[13, 15, 172]
[15, 23, 172]
[15, 25, 172]
[15, 27, 172]
[15, 29, 172]
[15, 39, 172]
[15, 41, 172]
[15, 43, 172]
[15, 53, 172]
[15, 65, 172]
[15, 77, 172]
[15, 85, 172]
[15, 99, 172]
[15, 109, 172]
[15, 117, 172]
[15, 135, 172]
[15, 141, 172]
[15, 149, 172]
[9, 15, 172]
[11, 15, 172]
[15, 37, 172]
[15, 45, 172]
[15, 73, 172]
[15, 107, 172]
[12, 15, 21]
[12, 15, 22]
[12, 15, 31]
[12, 15, 33]
[12, 15, 35]
[12, 15, 47]
[12, 15, 49]
[12, 15, 51]
[12, 15, 55]
[12, 15, 57]
[12, 15, 59]
[12, 15, 61]
[12, 15, 63]
[12, 15, 67]
[12, 15, 69]
[12, 15, 71]
[12, 15, 75]
[12, 15, 79]
[12, 15, 81]
[12, 15, 83]
[12, 15, 87]
[12, 15, 89]
[12, 15, 91]
[12, 15, 93]
[12, 15, 95]
[12, 15, 97]
[12, 15, 101]
[12, 15, 103]
[12, 15, 105]
[12, 15, 111]
[12, 15, 113]
[12, 15, 115]
[12, 15, 119]
[12, 15, 121]
[12, 15, 123]
[12, 15, 125]
[12, 15, 129]
[12, 15, 131]
[12, 15, 133]
[12, 15, 137]
[12, 15, 139]
[12, 15, 143]
[12, 15, 145]
[12, 15, 147]
[12, 15, 277]
[7, 12, 15]
[12, 13, 15]
[12, 15, 23]
[12, 15, 25]
[12, 15, 27]
[12, 15, 29]
[12, 15, 39]
[12, 15, 41]
[12, 15, 43]
[12, 15, 53]
[12, 15, 65]
[12, 15, 77]
[12, 15, 85]
[12, 15, 99]
[12, 15, 109]
[12, 15, 117]
[12, 15, 135]
[12, 15, 141]
[12, 15, 149]
[9, 12, 15]
[11, 12, 15]
[12, 15, 37]
[12, 15, 45]
[12, 15, 73]
[12, 15, 107]
[15, 22]
[21, 128]
[8, 21]
[10, 21]
[21, 130]
[21, 142]
[21, 148]
[21, 24]
[21, 132]
[21, 26]
[21, 28]
[21, 30]
[21, 32]
[21, 34]
[21, 36]
[21, 134]
[21, 38]
[21, 40]
[21, 42]
[21, 44]
[21, 46]
[21, 48]
[21, 136]
[21, 50]
[21, 52]
[21, 54]
[21, 56]
[21, 58]
[21, 60]
[21, 138]
[21, 62]
[21, 64]
[21, 66]
[21, 68]
[21, 70]
[21, 72]
[21, 140]
[21, 74]
[21, 76]
[21, 78]
[21, 80]
[21, 82]
[21, 84]
[21, 86]
[21, 88]
[21, 90]
[21, 92]
[21, 94]
[21, 96]
[21, 144]
[21, 98]
[21, 100]
[21, 102]
[21, 104]
[21, 106]
[21, 108]
[21, 146]
[21, 110]
[21, 112]
[21, 114]
[21, 116]
[21, 118]
[21, 120]
[21, 122]
[21, 124]
[21, 126]
[0, 12, 21]
[0, 21, 31]
[0, 21, 33]
[0, 21, 35]
[0, 21, 47]
[0, 21, 49]
[0, 21, 51]
[0, 21, 55]
[0, 21, 57]
[0, 21, 59]
[0, 21, 61]
[0, 21, 63]
[0, 21, 67]
[0, 21, 69]
[0, 21, 71]
[0, 21, 75]
[0, 21, 79]
[0, 21, 81]
[0, 21, 83]
[0, 21, 87]
[0, 21, 89]
[0, 21, 91]
[0, 21, 93]
[0, 21, 95]
[0, 21, 97]
[0, 21, 101]
[0, 21, 103]
[0, 21, 105]
[0, 21, 111]
[0, 21, 113]
[0, 21, 115]
[0, 21, 119]
[0, 21, 121]
[0, 21, 123]
[0, 21, 125]
[0, 21, 129]
[0, 21, 131]
[0, 21, 133]
[0, 21, 137]
[0, 21, 139]
[0, 21, 143]
[0, 21, 145]
[0, 21, 147]
[0, 21, 172]
[0, 21, 65]
[0, 21, 99]
[0, 21, 135]
[0, 21, 127]
[2, 12, 21]
[2, 21, 31]
[2, 21, 33]
[2, 21, 35]
[2, 21, 47]
[2, 21, 49]
[2, 21, 51]
[2, 21, 55]
[2, 21, 57]
[2, 21, 59]
[2, 21, 61]
[2, 21, 63]
[2, 21, 67]
[2, 21, 69]
[2, 21, 71]
[2, 21, 75]
[2, 21, 79]
[2, 21, 81]
[2, 21, 83]
[2, 21, 87]
[2, 21, 89]
[2, 21, 91]
[2, 21, 93]
[2, 21, 95]
[2, 21, 97]
[2, 21, 101]
[2, 21, 103]
[2, 21, 105]
[2, 21, 111]
[2, 21, 113]
[2, 21, 115]
[2, 21, 119]
[2, 21, 121]
[2, 21, 123]
[2, 21, 125]
[2, 21, 129]
[2, 21, 131]
[2, 21, 133]
[2, 21, 137]
[2, 21, 139]
[2, 21, 143]
[2, 21, 145]
[2, 21, 147]
[2, 21, 172]
[2, 21, 65]
[2, 21, 99]
[2, 21, 135]
[2, 21, 127]
[6, 12, 21]
[6, 21, 31]
[6, 21, 33]
[6, 21, 35]
[6, 21, 47]
[6, 21, 49]
[6, 21, 51]
[6, 21, 55]
[6, 21, 57]
[6, 21, 59]
[6, 21, 61]
[6, 21, 63]
[6, 21, 67]
[6, 21, 69]
[6, 21, 71]
[6, 21, 75]
[6, 21, 79]
[6, 21, 81]
[6, 21, 83]
[6, 21, 87]
[6, 21, 89]
[6, 21, 91]
[6, 21, 93]
[6, 21, 95]
[6, 21, 97]
[6, 21, 101]
[6, 21, 103]
[6, 21, 105]
[6, 21, 111]
[6, 21, 113]
[6, 21, 115]
[6, 21, 119]
[6, 21, 121]
[6, 21, 123]
[6, 21, 125]
[6, 21, 129]
[6, 21, 131]
[6, 21, 133]
[6, 21, 137]
[6, 21, 139]
[6, 21, 143]
[6, 21, 145]
[6, 21, 147]
[6, 21, 172]
[6, 21, 65]
[6, 21, 99]
[6, 21, 135]
[6, 21, 127]
[21, 172]
[12, 21]
[21, 22, 31]
[21, 22, 33]
[21, 22, 35]
[21, 22, 47]
[21, 22, 49]
[21, 22, 51]
[21, 22, 55]
[21, 22, 57]
[21, 22, 59]
[21, 22, 61]
[21, 22, 63]
[21, 22, 67]
[21, 22, 69]
[21, 22, 71]
[21, 22, 75]
[21, 22, 79]
[21, 22, 81]
[21, 22, 83]
[21, 22, 87]
[21, 22, 89]
[21, 22, 91]
[21, 22, 93]
[21, 22, 95]
[21, 22, 97]
[21, 22, 101]
[21, 22, 103]
[21, 22, 105]
[21, 22, 111]
[21, 22, 113]
[21, 22, 115]
[21, 22, 119]
[21, 22, 121]
[21, 22, 123]
[21, 22, 125]
[21, 22, 129]
[21, 22, 131]
[21, 22, 133]
[21, 22, 137]
[21, 22, 139]
[21, 22, 143]
[21, 22, 145]
[21, 22, 147]
[21, 22, 65]
[21, 22, 99]
[21, 22, 135]
[21, 22, 127]
[128, 172]
[8, 172]
[10, 172]
[130, 172]
[142, 172]
[148, 172]
[24, 172]
[132, 172]
[26, 172]
[28, 172]
[30, 172]
[32, 172]
[34, 172]
[36, 172]
[134, 172]
[38, 172]
[40, 172]
[42, 172]
[44, 172]
[46, 172]
[48, 172]
[136, 172]
[50, 172]
[52, 172]
[54, 172]
[56, 172]
[58, 172]
[60, 172]
[138, 172]
[62, 172]
[64, 172]
[66, 172]
[68, 172]
[70, 172]
[72, 172]
[140, 172]
[74, 172]
[76, 172]
[78, 172]
[80, 172]
[82, 172]
[84, 172]
[86, 172]
[88, 172]
[90, 172]
[92, 172]
[94, 172]
[96, 172]
[144, 172]
[98, 172]
[100, 172]
[102, 172]
[104, 172]
[106, 172]
[108, 172]
[146, 172]
[110, 172]
[112, 172]
[114, 172]
[116, 172]
[118, 172]
[120, 172]
[122, 172]
[124, 172]
[126, 172]
[0, 172]
[2, 172]
[6, 172]
[22, 172]
[31, 172]
[33, 172]
[35, 172]
[47, 172]
[49, 172]
[51, 172]
[55, 172]
[57, 172]
[59, 172]
[61, 172]
[63, 172]
[67, 172]
[69, 172]
[71, 172]
[75, 172]
[79, 172]
[81, 172]
[83, 172]
[87, 172]
[89, 172]
[91, 172]
[93, 172]
[95, 172]
[97, 172]
[101, 172]
[103, 172]
[105, 172]
[111, 172]
[113, 172]
[115, 172]
[119, 172]
[121, 172]
[123, 172]
[125, 172]
[129, 172]
[131, 172]
[133, 172]
[137, 172]
[139, 172]
[143, 172]
[145, 172]
[147, 172]
[172, 277]
[7, 172]
[13, 172]
[23, 172]
[25, 172]
[27, 172]
[29, 172]
[39, 172]
[41, 172]
[43, 172]
[53, 172]
[12, 65, 172]
[65, 77, 172]
[65, 85, 172]
[65, 109, 172]
[65, 117, 172]
[65, 141, 172]
[65, 149, 172]
[77, 172]
[85, 172]
[12, 99, 172]
[99, 109, 172]
[99, 117, 172]
[99, 141, 172]
[99, 149, 172]
[109, 172]
[117, 172]
[12, 135, 172]
[135, 141, 172]
[135, 149, 172]
[141, 172]
[149, 172]
[9, 12, 172]
[11, 12, 172]
[12, 37, 172]
[12, 45, 172]
[12, 73, 172]
[12, 107, 172]
[128, 277]
[8, 277]
[10, 277]
[130, 277]
[142, 277]
[148, 277]
[24, 277]
[132, 277]
[26, 277]
[28, 277]
[30, 277]
[32, 277]
[34, 277]
[36, 277]
[134, 277]
[38, 277]
[40, 277]
[42, 277]
[44, 277]
[46, 277]
[48, 277]
[136, 277]
[50, 277]
[52, 277]
[54, 277]
[56, 277]
[58, 277]
[60, 277]
[138, 277]
[62, 277]
[64, 277]
[66, 277]
[68, 277]
[70, 277]
[72, 277]
[140, 277]
[74, 277]
[76, 277]
[78, 277]
[80, 277]
[82, 277]
[84, 277]
[86, 277]
[88, 277]
[90, 277]
[92, 277]
[94, 277]
[96, 277]
[144, 277]
[98, 277]
[100, 277]
[102, 277]
[104, 277]
[106, 277]
[108, 277]
[146, 277]
[110, 277]
[112, 277]
[114, 277]
[116, 277]
[118, 277]
[120, 277]
[122, 277]
[124, 277]
[126, 277]
[0, 12, 277]
[0, 31, 277]
[0, 33, 277]
[0, 35, 277]
[0, 47, 277]
[0, 49, 277]
[0, 51, 277]
[0, 55, 277]
[0, 57, 277]
[0, 59, 277]
[0, 61, 277]
[0, 63, 277]
[0, 67, 277]
[0, 69, 277]
[0, 71, 277]
[0, 75, 277]
[0, 79, 277]
[0, 81, 277]
[0, 83, 277]
[0, 87, 277]
[0, 89, 277]
[0, 91, 277]
[0, 93, 277]
[0, 95, 277]
[0, 97, 277]
[0, 101, 277]
[0, 103, 277]
[0, 105, 277]
[0, 111, 277]
[0, 113, 277]
[0, 115, 277]
[0, 119, 277]
[0, 121, 277]
[0, 123, 277]
[0, 125, 277]
[0, 129, 277]
[0, 131, 277]
[0, 133, 277]
[0, 137, 277]
[0, 139, 277]
[0, 143, 277]
[0, 145, 277]
[0, 147, 277]
[0, 65, 277]
[0, 99, 277]
[0, 135, 277]
[0, 127, 277]
[2, 12, 277]
[2, 31, 277]
[2, 33, 277]
[2, 35, 277]
[2, 47, 277]
[2, 49, 277]
[2, 51, 277]
[2, 55, 277]
[2, 57, 277]
[2, 59, 277]
[2, 61, 277]
[2, 63, 277]
[2, 67, 277]
[2, 69, 277]
[2, 71, 277]
[2, 75, 277]
[2, 79, 277]
[2, 81, 277]
[2, 83, 277]
[2, 87, 277]
[2, 89, 277]
[2, 91, 277]
[2, 93, 277]
[2, 95, 277]
[2, 97, 277]
[2, 101, 277]
[2, 103, 277]
[2, 105, 277]
[2, 111, 277]
[2, 113, 277]
[2, 115, 277]
[2, 119, 277]
[2, 121, 277]
[2, 123, 277]
[2, 125, 277]
[2, 129, 277]
[2, 131, 277]
[2, 133, 277]
[2, 137, 277]
[2, 139, 277]
[2, 143, 277]
[2, 145, 277]
[2, 147, 277]
[2, 65, 277]
[2, 99, 277]
[2, 135, 277]
[2, 127, 277]
[6, 12, 277]
[6, 31, 277]
[6, 33, 277]
[6, 35, 277]
[6, 47, 277]
[6, 49, 277]
[6, 51, 277]
[6, 55, 277]
[6, 57, 277]
[6, 59, 277]
[6, 61, 277]
[6, 63, 277]
[6, 67, 277]
[6, 69, 277]
[6, 71, 277]
[6, 75, 277]
[6, 79, 277]
[6, 81, 277]
[6, 83, 277]
[6, 87, 277]
[6, 89, 277]
[6, 91, 277]
[6, 93, 277]
[6, 95, 277]
[6, 97, 277]
[6, 101, 277]
[6, 103, 277]
[6, 105, 277]
[6, 111, 277]
[6, 113, 277]
[6, 115, 277]
[6, 119, 277]
[6, 121, 277]
[6, 123, 277]
[6, 125, 277]
[6, 129, 277]
[6, 131, 277]
[6, 133, 277]
[6, 137, 277]
[6, 139, 277]
[6, 143, 277]
[6, 145, 277]
[6, 147, 277]
[6, 65, 277]
[6, 99, 277]
[6, 135, 277]
[6, 127, 277]
[12, 277]
[22, 31, 277]
[22, 33, 277]
[22, 35, 277]
[22, 47, 277]
[22, 49, 277]
[22, 51, 277]
[22, 55, 277]
[22, 57, 277]
[22, 59, 277]
[22, 61, 277]
[22, 63, 277]
[22, 67, 277]
[22, 69, 277]
[22, 71, 277]
[22, 75, 277]
[22, 79, 277]
[22, 81, 277]
[22, 83, 277]
[22, 87, 277]
[22, 89, 277]
[22, 91, 277]
[22, 93, 277]
[22, 95, 277]
[22, 97, 277]
[22, 101, 277]
[22, 103, 277]
[22, 105, 277]
[22, 111, 277]
[22, 113, 277]
[22, 115, 277]
[22, 119, 277]
[22, 121, 277]
[22, 123, 277]
[22, 125, 277]
[22, 129, 277]
[22, 131, 277]
[22, 133, 277]
[22, 137, 277]
[22, 139, 277]
[22, 143, 277]
[22, 145, 277]
[22, 147, 277]
[22, 65, 277]
[22, 99, 277]
[22, 135, 277]
[22, 127, 277]
