11
17
145
147
149
151
153
155
157
161
163
165
169
171
173
175
177
179
181
183
185
189
191
193
197
199
201
203
205
207
209
211
213
215
217
219
223
225
227
231
233
235
237
239
241
243
245
247
251
253
255
259
261
263
265
267
269
271
[129, 256]
[131, 256]
[5, 256]
[7, 256]
[139, 256]
[13, 256]
[15, 256]
[141, 256]
[19, 256]
[21, 256]
[23, 256]
[137, 256]
[25, 256]
[27, 256]
[29, 256]
[31, 256]
[133, 256]
[33, 256]
[35, 256]
[37, 256]
[39, 256]
[249, 256]
[41, 256]
[43, 256]
[159, 256]
[45, 256]
[47, 256]
[49, 256]
[51, 256]
[53, 256]
[55, 256]
[57, 256]
[59, 256]
[61, 256]
[63, 256]
[65, 256]
[67, 256]
[69, 256]
[71, 256]
[73, 256]
[187, 256]
[75, 256]
[143, 256]
[77, 256]
[79, 256]
[81, 256]
[256, 257]
[83, 256]
[85, 256]
[87, 256]
[89, 256]
[91, 256]
[135, 256]
[93, 256]
[95, 256]
[97, 256]
[99, 256]
[101, 256]
[195, 256]
[103, 256]
[105, 256]
[107, 256]
[109, 256]
[111, 256]
[229, 256]
[113, 256]
[221, 256]
[115, 256]
[117, 256]
[119, 256]
[121, 256]
[123, 256]
[125, 256]
[127, 256]
[0, 256]
[2, 256]
[9, 256]
[167, 256]
[129, 257]
[131, 257]
[5, 257]
[7, 257]
[139, 257]
[14, 257]
[16, 257]
[19, 257]
[21, 257]
[23, 257]
[25, 257]
[27, 257]
[29, 257]
[31, 257]
[33, 257]
[35, 257]
[37, 257]
[39, 257]
[41, 257]
[43, 257]
[45, 257]
[47, 257]
[49, 257]
[51, 257]
[53, 257]
[55, 257]
[57, 257]
[59, 257]
[61, 257]
[63, 257]
[65, 257]
[67, 257]
[69, 257]
[71, 257]
[73, 257]
[75, 257]
[77, 257]
[79, 257]
[81, 257]
[83, 257]
[85, 257]
[87, 257]
[89, 257]
[91, 257]
[93, 257]
[95, 257]
[97, 257]
[99, 257]
[101, 257]
[103, 257]
[105, 257]
[107, 257]
[109, 257]
[111, 257]
[113, 257]
[115, 257]
[117, 257]
[119, 257]
[121, 257]
[123, 257]
[125, 257]
[127, 257]
[133, 257]
[135, 257]
[137, 257]
[141, 257]
[143, 257]
[146, 257]
[148, 257]
[150, 257]
[152, 257]
[154, 257]
[156, 257]
[158, 257]
[160, 257]
[162, 257]
[164, 257]
[166, 257]
[168, 257]
[170, 257]
[172, 257]
[174, 257]
[176, 257]
[178, 257]
[180, 257]
[182, 257]
[184, 257]
[186, 257]
[188, 257]
[190, 257]
[192, 257]
[194, 257]
[196, 257]
[198, 257]
[200, 257]
[202, 257]
[204, 257]
[206, 257]
[208, 257]
[210, 257]
[212, 257]
[214, 257]
[216, 257]
[218, 257]
[220, 257]
[222, 257]
[224, 257]
[226, 257]
[228, 257]
[230, 257]
[232, 257]
[234, 257]
[236, 257]
[238, 257]
[240, 257]
[242, 257]
[244, 257]
[246, 257]
[248, 257]
[250, 257]
[252, 257]
[254, 257]
[257, 258]
[257, 260]
[257, 262]
[257, 264]
[257, 266]
[257, 268]
[257, 270]
[0, 257]
[3, 257]
[9, 257]
[12, 257]
[26, 257]
[28, 257]
[30, 257]
[42, 257]
[44, 257]
[46, 257]
[50, 257]
[52, 257]
[54, 257]
[56, 257]
[58, 257]
[62, 257]
[64, 257]
[66, 257]
[70, 257]
[74, 257]
[76, 257]
[78, 257]
[82, 257]
[84, 257]
[86, 257]
[88, 257]
[90, 257]
[92, 257]
[96, 257]
[98, 257]
[100, 257]
[106, 257]
[108, 257]
[110, 257]
[114, 257]
[116, 257]
[118, 257]
[120, 257]
[124, 257]
[126, 257]
[128, 257]
[132, 257]
[134, 257]
[138, 257]
[140, 257]
[142, 257]
[4, 257]
[10, 257]
[18, 257]
[20, 257]
[22, 257]
[24, 257]
[34, 257]
[36, 257]
[38, 257]
[48, 257]
[72, 257]
[80, 257]
[104, 257]
[112, 257]
[136, 257]
[144, 257]
[129, 260]
[131, 260]
[5, 260]
[7, 260]
[139, 260]
[13, 260]
[15, 260]
[141, 260]
[19, 260]
[21, 260]
[23, 260]
[137, 260]
[25, 260]
[27, 260]
[29, 260]
[31, 260]
[133, 260]
[33, 260]
[35, 260]
[37, 260]
[39, 260]
[249, 260]
[41, 260]
[43, 260]
[159, 260]
[45, 260]
[47, 260]
[49, 260]
[51, 260]
[53, 260]
[55, 260]
[57, 260]
[59, 260]
[61, 260]
[63, 260]
[65, 260]
[67, 260]
[69, 260]
[71, 260]
[73, 260]
[187, 260]
[75, 260]
[143, 260]
[77, 260]
[79, 260]
[81, 260]
[83, 260]
[85, 260]
[87, 260]
[89, 260]
[91, 260]
[135, 260]
[93, 260]
[95, 260]
[97, 260]
[99, 260]
[101, 260]
[195, 260]
[103, 260]
[105, 260]
[107, 260]
[109, 260]
[111, 260]
[229, 260]
[113, 260]
[221, 260]
[115, 260]
[117, 260]
[119, 260]
[121, 260]
[123, 260]
[125, 260]
[127, 260]
[0, 260]
[2, 260]
[9, 260]
[167, 260]
[129, 262]
[131, 262]
[5, 262]
[7, 262]
[139, 262]
[13, 262]
[15, 262]
[141, 262]
[19, 262]
[21, 262]
[23, 262]
[137, 262]
[25, 262]
[27, 262]
[29, 262]
[31, 262]
[133, 262]
[33, 262]
[35, 262]
[37, 262]
[39, 262]
[249, 262]
[41, 262]
[43, 262]
[159, 262]
[45, 262]
[47, 262]
[49, 262]
[51, 262]
[53, 262]
[55, 262]
[57, 262]
[59, 262]
[61, 262]
[63, 262]
[65, 262]
[67, 262]
[69, 262]
[71, 262]
[73, 262]
[187, 262]
[75, 262]
[143, 262]
[77, 262]
[79, 262]
[81, 262]
[83, 262]
[85, 262]
[87, 262]
[89, 262]
[91, 262]
[135, 262]
[93, 262]
[95, 262]
[97, 262]
[99, 262]
[101, 262]
[195, 262]
[103, 262]
[105, 262]
[107, 262]
[109, 262]
[111, 262]
[229, 262]
[113, 262]
[221, 262]
[115, 262]
[117, 262]
[119, 262]
[121, 262]
[123, 262]
[125, 262]
[127, 262]
[0, 262]
[2, 262]
[9, 262]
[167, 262]
[129, 264]
[131, 264]
[5, 264]
[7, 264]
[139, 264]
[13, 264]
[15, 264]
[141, 264]
[19, 264]
[21, 264]
[23, 264]
[137, 264]
[25, 264]
[27, 264]
[29, 264]
[31, 264]
[133, 264]
[33, 264]
[35, 264]
[37, 264]
[39, 264]
[249, 264]
[41, 264]
[43, 264]
[159, 264]
[45, 264]
[47, 264]
[49, 264]
[51, 264]
[53, 264]
[55, 264]
[57, 264]
[59, 264]
[61, 264]
[63, 264]
[65, 264]
[67, 264]
[69, 264]
[71, 264]
[73, 264]
[187, 264]
[75, 264]
[143, 264]
[77, 264]
[79, 264]
[81, 264]
[83, 264]
[85, 264]
[87, 264]
[89, 264]
[91, 264]
[135, 264]
[93, 264]
[95, 264]
[97, 264]
[99, 264]
[101, 264]
[195, 264]
[103, 264]
[105, 264]
[107, 264]
[109, 264]
[111, 264]
[229, 264]
[113, 264]
[221, 264]
[115, 264]
[117, 264]
[119, 264]
[121, 264]
[123, 264]
[125, 264]
[127, 264]
[0, 264]
[2, 264]
[9, 264]
[167, 264]
[129, 266]
[131, 266]
[5, 266]
[7, 266]
[139, 266]
[13, 266]
[15, 266]
[141, 266]
[19, 266]
[21, 266]
[23, 266]
[137, 266]
[25, 266]
[27, 266]
[29, 266]
[31, 266]
[133, 266]
[33, 266]
[35, 266]
[37, 266]
[39, 266]
[249, 266]
[41, 266]
[43, 266]
[159, 266]
[45, 266]
[47, 266]
[49, 266]
[51, 266]
[53, 266]
[55, 266]
[57, 266]
[59, 266]
[61, 266]
[63, 266]
[65, 266]
[67, 266]
[69, 266]
[71, 266]
[73, 266]
[187, 266]
[75, 266]
[143, 266]
[77, 266]
[79, 266]
[81, 266]
[83, 266]
[85, 266]
[87, 266]
[89, 266]
[91, 266]
[135, 266]
[93, 266]
[95, 266]
[97, 266]
[99, 266]
[101, 266]
[195, 266]
[103, 266]
[105, 266]
[107, 266]
[109, 266]
[111, 266]
[229, 266]
[113, 266]
[221, 266]
[115, 266]
[117, 266]
[119, 266]
[121, 266]
[123, 266]
[125, 266]
[127, 266]
[0, 266]
[2, 266]
[9, 266]
[167, 266]
[13, 129]
[13, 131]
[5, 13]
[7, 13]
[13, 139]
[13, 14]
[13, 16]
[13, 19]
[13, 21]
[13, 23]
[13, 25]
[13, 27]
[13, 29]
[13, 31]
[13, 33]
[13, 35]
[13, 37]
[13, 39]
[13, 41]
[13, 43]
[13, 45]
[13, 47]
[13, 49]
[13, 51]
[13, 53]
[13, 55]
[13, 57]
[13, 59]
[13, 61]
[13, 63]
[13, 65]
[13, 67]
[13, 69]
[13, 71]
[13, 73]
[13, 75]
[13, 77]
[13, 79]
[13, 81]
[13, 83]
[13, 85]
[13, 87]
[13, 89]
[13, 91]
[13, 93]
[13, 95]
[13, 97]
[13, 99]
[13, 101]
[13, 103]
[13, 105]
[13, 107]
[13, 109]
[13, 111]
[13, 113]
[13, 115]
[13, 117]
[13, 119]
[13, 121]
[13, 123]
[13, 125]
[13, 127]
[13, 133]
[13, 135]
[13, 137]
[13, 141]
[13, 143]
[13, 146]
[13, 148]
[13, 150]
[13, 152]
[13, 154]
[13, 156]
[13, 158]
[13, 160]
[13, 162]
[13, 164]
[13, 166]
[13, 168]
[13, 170]
[13, 172]
[13, 174]
[13, 176]
[13, 178]
[13, 180]
[13, 182]
[13, 184]
[13, 186]
[13, 188]
[13, 190]
[13, 192]
[13, 194]
[13, 196]
[13, 198]
[13, 200]
[13, 202]
[13, 204]
[13, 206]
[13, 208]
[13, 210]
[13, 212]
[13, 214]
[13, 216]
[13, 218]
[13, 220]
[13, 222]
[13, 224]
[13, 226]
[13, 228]
[13, 230]
[13, 232]
[13, 234]
[13, 236]
[13, 238]
[13, 240]
[13, 242]
[13, 244]
[13, 246]
[13, 248]
[13, 250]
[13, 252]
[13, 254]
[13, 258]
[13, 268]
[13, 270]
[0, 13]
[3, 13]
[9, 13]
[12, 13]
[13, 26]
[13, 28]
[13, 30]
[13, 42]
[13, 44]
[13, 46]
[13, 50]
[13, 52]
[13, 54]
[13, 56]
[13, 58]
[13, 62]
[13, 64]
[13, 66]
[13, 70]
[13, 74]
[13, 76]
[13, 78]
[13, 82]
[13, 84]
[13, 86]
[13, 88]
[13, 90]
[13, 92]
[13, 96]
[13, 98]
[13, 100]
[13, 106]
[13, 108]
[13, 110]
[13, 114]
[13, 116]
[13, 118]
[13, 120]
[13, 124]
[13, 126]
[13, 128]
[13, 132]
[13, 134]
[13, 138]
[13, 140]
[13, 142]
[4, 13]
[10, 13]
[13, 18]
[13, 20]
[13, 22]
[13, 24]
[13, 34]
[13, 36]
[13, 38]
[13, 48]
[13, 72]
[13, 80]
[13, 104]
[13, 112]
[13, 136]
[13, 144]
[14, 129]
[14, 131]
[5, 14]
[7, 14]
[14, 139]
[14, 15]
[14, 141]
[14, 19]
[14, 21]
[14, 23]
[14, 137]
[14, 25]
[14, 27]
[14, 29]
[14, 31]
[14, 133]
[14, 33]
[14, 35]
[14, 37]
[14, 39]
[14, 249]
[14, 41]
[14, 43]
[14, 159]
[14, 45]
[14, 47]
[14, 49]
[14, 51]
[14, 53]
[14, 55]
[14, 57]
[14, 59]
[14, 61]
[14, 63]
[14, 65]
[14, 67]
[14, 69]
[14, 71]
[14, 73]
[14, 187]
[14, 75]
[14, 143]
[14, 77]
[14, 79]
[14, 81]
[14, 83]
[14, 85]
[14, 87]
[14, 89]
[14, 91]
[14, 135]
[14, 93]
[14, 95]
[14, 97]
[14, 99]
[14, 101]
[14, 195]
[14, 103]
[14, 105]
[14, 107]
[14, 109]
[14, 111]
[14, 229]
[14, 113]
[14, 221]
[14, 115]
[14, 117]
[14, 119]
[14, 121]
[14, 123]
[14, 125]
[14, 127]
[0, 14]
[2, 14]
[9, 14]
[14, 167]
[15, 129]
[15, 131]
[5, 15]
[7, 15]
[15, 139]
[15, 16]
[15, 19]
[15, 21]
[15, 23]
[15, 25]
[15, 27]
[15, 29]
[15, 31]
[15, 33]
[15, 35]
[15, 37]
[15, 39]
[15, 41]
[15, 43]
[15, 45]
[15, 47]
[15, 49]
[15, 51]
[15, 53]
[15, 55]
[15, 57]
[15, 59]
[15, 61]
[15, 63]
[15, 65]
[15, 67]
[15, 69]
[15, 71]
[15, 73]
[15, 75]
[15, 77]
[15, 79]
[15, 81]
[15, 83]
[15, 85]
[15, 87]
[15, 89]
[15, 91]
[15, 93]
[15, 95]
[15, 97]
[15, 99]
[15, 101]
[15, 103]
[15, 105]
[15, 107]
[15, 109]
[15, 111]
[15, 113]
[15, 115]
[15, 117]
[15, 119]
[15, 121]
[15, 123]
[15, 125]
[15, 127]
[15, 133]
[15, 135]
[15, 137]
[15, 141]
[15, 143]
[15, 146]
[15, 148]
[15, 150]
[15, 152]
[15, 154]
[15, 156]
[15, 158]
[15, 160]
[15, 162]
[15, 164]
[15, 166]
[15, 168]
[15, 170]
[15, 172]
[15, 174]
[15, 176]
[15, 178]
[15, 180]
[15, 182]
[15, 184]
[15, 186]
[15, 188]
[15, 190]
[15, 192]
[15, 194]
[15, 196]
[15, 198]
[15, 200]
[15, 202]
[15, 204]
[15, 206]
[15, 208]
[15, 210]
[15, 212]
[15, 214]
[15, 216]
[15, 218]
[15, 220]
[15, 222]
[15, 224]
[15, 226]
[15, 228]
[15, 230]
[15, 232]
[15, 234]
[15, 236]
[15, 238]
[15, 240]
[15, 242]
[15, 244]
[15, 246]
[15, 248]
[15, 250]
[15, 252]
[15, 254]
[15, 258]
[15, 268]
[15, 270]
[0, 15]
[3, 15]
[9, 15]
[12, 15]
[15, 26]
[15, 28]
[15, 30]
[15, 42]
[15, 44]
[15, 46]
[15, 50]
[15, 52]
[15, 54]
[15, 56]
[15, 58]
[15, 62]
[15, 64]
[15, 66]
[15, 70]
[15, 74]
[15, 76]
[15, 78]
[15, 82]
[15, 84]
[15, 86]
[15, 88]
[15, 90]
[15, 92]
[15, 96]
[15, 98]
[15, 100]
[15, 106]
[15, 108]
[15, 110]
[15, 114]
[15, 116]
[15, 118]
[15, 120]
[15, 124]
[15, 126]
[15, 128]
[15, 132]
[15, 134]
[15, 138]
[15, 140]
[15, 142]
[4, 15]
[10, 15]
[15, 18]
[15, 20]
[15, 22]
[15, 24]
[15, 34]
[15, 36]
[15, 38]
[15, 48]
[15, 72]
[15, 80]
[15, 104]
[15, 112]
[15, 136]
[15, 144]
[16, 129]
[16, 131]
[5, 16]
[7, 16]
[16, 139]
[16, 141]
[16, 19]
[16, 21]
[16, 23]
[16, 137]
[16, 25]
[16, 27]
[16, 29]
[16, 31]
[16, 133]
[16, 33]
[16, 35]
[16, 37]
[16, 39]
[16, 249]
[16, 41]
[16, 43]
[16, 159]
[16, 45]
[16, 47]
[16, 49]
[16, 51]
[16, 53]
[16, 55]
[16, 57]
[16, 59]
[16, 61]
[16, 63]
[16, 65]
[16, 67]
[16, 69]
[16, 71]
[16, 73]
[16, 187]
[16, 75]
[16, 143]
[16, 77]
[16, 79]
[16, 81]
[16, 83]
[16, 85]
[16, 87]
[16, 89]
[16, 91]
[16, 135]
[16, 93]
[16, 95]
[16, 97]
[16, 99]
[16, 101]
[16, 195]
[16, 103]
[16, 105]
[16, 107]
[16, 109]
[16, 111]
[16, 229]
[16, 113]
[16, 221]
[16, 115]
[16, 117]
[16, 119]
[16, 121]
[16, 123]
[16, 125]
[16, 127]
[0, 16]
[2, 16]
[9, 16]
[16, 167]
[129, 146]
[131, 146]
[5, 146]
[7, 146]
[139, 146]
[141, 146]
[19, 146]
[21, 146]
[23, 146]
[137, 146]
[25, 146]
[27, 146]
[29, 146]
[31, 146]
[133, 146]
[33, 146]
[35, 146]
[37, 146]
[39, 146]
[146, 249]
[41, 146]
[43, 146]
[146, 159]
[45, 146]
[47, 146]
[49, 146]
[51, 146]
[53, 146]
[55, 146]
[57, 146]
[59, 146]
[61, 146]
[63, 146]
[65, 146]
[67, 146]
[69, 146]
[71, 146]
[73, 146]
[146, 187]
[75, 146]
[143, 146]
[77, 146]
[79, 146]
[81, 146]
[83, 146]
[85, 146]
[87, 146]
[89, 146]
[91, 146]
[135, 146]
[93, 146]
[95, 146]
[97, 146]
[99, 146]
[101, 146]
[146, 195]
[103, 146]
[105, 146]
[107, 146]
[109, 146]
[111, 146]
[146, 229]
[113, 146]
[146, 221]
[115, 146]
[117, 146]
[119, 146]
[121, 146]
[123, 146]
[125, 146]
[127, 146]
[0, 146]
[2, 146]
[9, 146]
[146, 167]
[129, 148]
[131, 148]
[5, 148]
[7, 148]
[139, 148]
[141, 148]
[19, 148]
[21, 148]
[23, 148]
[137, 148]
[25, 148]
[27, 148]
[29, 148]
[31, 148]
[133, 148]
[33, 148]
[35, 148]
[37, 148]
[39, 148]
[148, 249]
[41, 148]
[43, 148]
[148, 159]
[45, 148]
[47, 148]
[49, 148]
[51, 148]
[53, 148]
[55, 148]
[57, 148]
[59, 148]
[61, 148]
[63, 148]
[65, 148]
[67, 148]
[69, 148]
[71, 148]
[73, 148]
[148, 187]
[75, 148]
[143, 148]
[77, 148]
[79, 148]
[81, 148]
[83, 148]
[85, 148]
[87, 148]
[89, 148]
[91, 148]
[135, 148]
[93, 148]
[95, 148]
[97, 148]
[99, 148]
[101, 148]
[148, 195]
[103, 148]
[105, 148]
[107, 148]
[109, 148]
[111, 148]
[148, 229]
[113, 148]
[148, 221]
[115, 148]
[117, 148]
[119, 148]
[121, 148]
[123, 148]
[125, 148]
[127, 148]
[0, 148]
[2, 148]
[9, 148]
[148, 167]
[129, 150]
[131, 150]
[5, 150]
[7, 150]
[139, 150]
[141, 150]
[19, 150]
[21, 150]
[23, 150]
[137, 150]
[25, 150]
[27, 150]
[29, 150]
[31, 150]
[133, 150]
[33, 150]
[35, 150]
[37, 150]
[39, 150]
[150, 249]
[41, 150]
[43, 150]
[150, 159]
[45, 150]
[47, 150]
[49, 150]
[51, 150]
[53, 150]
[55, 150]
[57, 150]
[59, 150]
[61, 150]
[63, 150]
[65, 150]
[67, 150]
[69, 150]
[71, 150]
[73, 150]
[150, 187]
[75, 150]
[143, 150]
[77, 150]
[79, 150]
[81, 150]
[83, 150]
[85, 150]
[87, 150]
[89, 150]
[91, 150]
[135, 150]
[93, 150]
[95, 150]
[97, 150]
[99, 150]
[101, 150]
[150, 195]
[103, 150]
[105, 150]
[107, 150]
[109, 150]
[111, 150]
[150, 229]
[113, 150]
[150, 221]
[115, 150]
[117, 150]
[119, 150]
[121, 150]
[123, 150]
[125, 150]
[127, 150]
[0, 150]
[2, 150]
[9, 150]
[150, 167]
[129, 152]
[131, 152]
[5, 152]
[7, 152]
[139, 152]
[141, 152]
[19, 152]
[21, 152]
[23, 152]
[137, 152]
[25, 152]
[27, 152]
[29, 152]
[31, 152]
[133, 152]
[33, 152]
[35, 152]
[37, 152]
[39, 152]
[152, 249]
[41, 152]
[43, 152]
[152, 159]
[45, 152]
[47, 152]
[49, 152]
[51, 152]
[53, 152]
[55, 152]
[57, 152]
[59, 152]
[61, 152]
[63, 152]
[65, 152]
[67, 152]
[69, 152]
[71, 152]
[73, 152]
[152, 187]
[75, 152]
[143, 152]
[77, 152]
[79, 152]
[81, 152]
[83, 152]
[85, 152]
[87, 152]
[89, 152]
[91, 152]
[135, 152]
[93, 152]
[95, 152]
[97, 152]
[99, 152]
[101, 152]
[152, 195]
[103, 152]
[105, 152]
[107, 152]
[109, 152]
[111, 152]
[152, 229]
[113, 152]
[152, 221]
[115, 152]
[117, 152]
[119, 152]
[121, 152]
[123, 152]
[125, 152]
[127, 152]
[0, 152]
[2, 152]
[9, 152]
[152, 167]
[129, 154]
[131, 154]
[5, 154]
[7, 154]
[139, 154]
[141, 154]
[19, 154]
[21, 154]
[23, 154]
[137, 154]
[25, 154]
[27, 154]
[29, 154]
[31, 154]
[133, 154]
[33, 154]
[35, 154]
[37, 154]
[39, 154]
[154, 249]
[41, 154]
[43, 154]
[154, 159]
[45, 154]
[47, 154]
[49, 154]
[51, 154]
[53, 154]
[55, 154]
[57, 154]
[59, 154]
[61, 154]
[63, 154]
[65, 154]
[67, 154]
[69, 154]
[71, 154]
[73, 154]
[154, 187]
[75, 154]
[143, 154]
[77, 154]
[79, 154]
[81, 154]
[83, 154]
[85, 154]
[87, 154]
[89, 154]
[91, 154]
[135, 154]
[93, 154]
[95, 154]
[97, 154]
[99, 154]
[101, 154]
[154, 195]
[103, 154]
[105, 154]
[107, 154]
[109, 154]
[111, 154]
[154, 229]
[113, 154]
[154, 221]
[115, 154]
[117, 154]
[119, 154]
[121, 154]
[123, 154]
[125, 154]
[127, 154]
[0, 154]
[2, 154]
[9, 154]
[154, 167]
[129, 156]
[131, 156]
[5, 156]
[7, 156]
[139, 156]
[141, 156]
[19, 156]
[21, 156]
[23, 156]
[137, 156]
[25, 156]
[27, 156]
[29, 156]
[31, 156]
[133, 156]
[33, 156]
[35, 156]
[37, 156]
[39, 156]
[156, 249]
[41, 156]
[43, 156]
[156, 159]
[45, 156]
[47, 156]
[49, 156]
[51, 156]
[53, 156]
[55, 156]
[57, 156]
[59, 156]
[61, 156]
[63, 156]
[65, 156]
[67, 156]
[69, 156]
[71, 156]
[73, 156]
[156, 187]
[75, 156]
[143, 156]
[77, 156]
[79, 156]
[81, 156]
[83, 156]
[85, 156]
[87, 156]
[89, 156]
[91, 156]
[135, 156]
[93, 156]
[95, 156]
[97, 156]
[99, 156]
[101, 156]
[156, 195]
[103, 156]
[105, 156]
[107, 156]
[109, 156]
[111, 156]
[156, 229]
[113, 156]
[156, 221]
[115, 156]
[117, 156]
[119, 156]
[121, 156]
[123, 156]
[125, 156]
[127, 156]
[0, 156]
[2, 156]
[9, 156]
[156, 167]
[129, 158]
[131, 158]
[5, 158]
[7, 158]
[139, 158]
[141, 158]
[19, 158]
[21, 158]
[23, 158]
[137, 158]
[25, 158]
[27, 158]
[29, 158]
[31, 158]
[133, 158]
[33, 158]
[35, 158]
[37, 158]
[39, 158]
[158, 249]
[41, 158]
[43, 158]
[158, 159]
[45, 158]
[47, 158]
[49, 158]
[51, 158]
[53, 158]
[55, 158]
[57, 158]
[59, 158]
[61, 158]
[63, 158]
[65, 158]
[67, 158]
[69, 158]
[71, 158]
[73, 158]
[158, 187]
[75, 158]
[143, 158]
[77, 158]
[79, 158]
[81, 158]
[83, 158]
[85, 158]
[87, 158]
[89, 158]
[91, 158]
[135, 158]
[93, 158]
[95, 158]
[97, 158]
[99, 158]
[101, 158]
[158, 195]
[103, 158]
[105, 158]
[107, 158]
[109, 158]
[111, 158]
[158, 229]
[113, 158]
[158, 221]
[115, 158]
[117, 158]
[119, 158]
[121, 158]
[123, 158]
[125, 158]
[127, 158]
[0, 158]
[2, 158]
[9, 158]
[158, 167]
[129, 159]
[131, 159]
[5, 159]
[7, 159]
[139, 159]
[19, 159]
[21, 159]
[23, 159]
[25, 159]
[27, 159]
[29, 159]
[31, 159]
[33, 159]
[35, 159]
[37, 159]
[39, 159]
[41, 159]
[43, 159]
[45, 159]
[47, 159]
[49, 159]
[51, 159]
[53, 159]
[55, 159]
[57, 159]
[59, 159]
[61, 159]
[63, 159]
[65, 159]
[67, 159]
[69, 159]
[71, 159]
[73, 159]
[75, 159]
[77, 159]
[79, 159]
[81, 159]
[83, 159]
[85, 159]
[87, 159]
[89, 159]
[91, 159]
[93, 159]
[95, 159]
[97, 159]
[99, 159]
[101, 159]
[103, 159]
[105, 159]
[107, 159]
[109, 159]
[111, 159]
[113, 159]
[115, 159]
[117, 159]
[119, 159]
[121, 159]
[123, 159]
[125, 159]
[127, 159]
[133, 159]
[135, 159]
[137, 159]
[141, 159]
[143, 159]
[159, 160]
[159, 162]
[159, 164]
[159, 166]
[159, 168]
[159, 170]
[159, 172]
[159, 174]
[159, 176]
[159, 178]
[159, 180]
[159, 182]
[159, 184]
[159, 186]
[159, 188]
[159, 190]
[159, 192]
[159, 194]
[159, 196]
[159, 198]
[159, 200]
[159, 202]
[159, 204]
[159, 206]
[159, 208]
[159, 210]
[159, 212]
[159, 214]
[159, 216]
[159, 218]
[159, 220]
[159, 222]
[159, 224]
[159, 226]
[159, 228]
[159, 230]
[159, 232]
[159, 234]
[159, 236]
[159, 238]
[159, 240]
[159, 242]
[159, 244]
[159, 246]
[159, 248]
[159, 250]
[159, 252]
[159, 254]
[159, 258]
[159, 268]
[159, 270]
[0, 159]
[3, 159]
[9, 159]
[12, 159]
[26, 159]
[28, 159]
[30, 159]
[42, 159]
[44, 159]
[46, 159]
[50, 159]
[52, 159]
[54, 159]
[56, 159]
[58, 159]
[62, 159]
[64, 159]
[66, 159]
[70, 159]
[74, 159]
[76, 159]
[78, 159]
[82, 159]
[84, 159]
[86, 159]
[88, 159]
[90, 159]
[92, 159]
[96, 159]
[98, 159]
[100, 159]
[106, 159]
[108, 159]
[110, 159]
[114, 159]
[116, 159]
[118, 159]
[120, 159]
[124, 159]
[126, 159]
[128, 159]
[132, 159]
[134, 159]
[138, 159]
[140, 159]
[142, 159]
[4, 159]
[10, 159]
[18, 159]
[20, 159]
[22, 159]
[24, 159]
[34, 159]
[36, 159]
[38, 159]
[48, 159]
[72, 159]
[80, 159]
[104, 159]
[112, 159]
[136, 159]
[144, 159]
[129, 160]
[131, 160]
[5, 160]
[7, 160]
[139, 160]
[141, 160]
[19, 160]
[21, 160]
[23, 160]
[137, 160]
[25, 160]
[27, 160]
[29, 160]
[31, 160]
[133, 160]
[33, 160]
[35, 160]
[37, 160]
[39, 160]
[160, 249]
[41, 160]
[43, 160]
[45, 160]
[47, 160]
[49, 160]
[51, 160]
[53, 160]
[55, 160]
[57, 160]
[59, 160]
[61, 160]
[63, 160]
[65, 160]
[67, 160]
[69, 160]
[71, 160]
[73, 160]
[160, 187]
[75, 160]
[143, 160]
[77, 160]
[79, 160]
[81, 160]
[83, 160]
[85, 160]
[87, 160]
[89, 160]
[91, 160]
[135, 160]
[93, 160]
[95, 160]
[97, 160]
[99, 160]
[101, 160]
[160, 195]
[103, 160]
[105, 160]
[107, 160]
[109, 160]
[111, 160]
[160, 229]
[113, 160]
[160, 221]
[115, 160]
[117, 160]
[119, 160]
[121, 160]
[123, 160]
[125, 160]
[127, 160]
[0, 160]
[2, 160]
[9, 160]
[160, 167]
[129, 162]
[131, 162]
[5, 162]
[7, 162]
[139, 162]
[141, 162]
[19, 162]
[21, 162]
[23, 162]
[137, 162]
[25, 162]
[27, 162]
[29, 162]
[31, 162]
[133, 162]
[33, 162]
[35, 162]
[37, 162]
[39, 162]
[162, 249]
[41, 162]
[43, 162]
[45, 162]
[47, 162]
[49, 162]
[51, 162]
[53, 162]
[55, 162]
[57, 162]
[59, 162]
[61, 162]
[63, 162]
[65, 162]
[67, 162]
[69, 162]
[71, 162]
[73, 162]
[162, 187]
[75, 162]
[143, 162]
[77, 162]
[79, 162]
[81, 162]
[83, 162]
[85, 162]
[87, 162]
[89, 162]
[91, 162]
[135, 162]
[93, 162]
[95, 162]
[97, 162]
[99, 162]
[101, 162]
[162, 195]
[103, 162]
[105, 162]
[107, 162]
[109, 162]
[111, 162]
[162, 229]
[113, 162]
[162, 221]
[115, 162]
[117, 162]
[119, 162]
[121, 162]
[123, 162]
[125, 162]
[127, 162]
[0, 162]
[2, 162]
[9, 162]
[162, 167]
[129, 164]
[131, 164]
[5, 164]
[7, 164]
[139, 164]
[141, 164]
[19, 164]
[21, 164]
[23, 164]
[137, 164]
[25, 164]
[27, 164]
[29, 164]
[31, 164]
[133, 164]
[33, 164]
[35, 164]
[37, 164]
[39, 164]
[164, 249]
[41, 164]
[43, 164]
[45, 164]
[47, 164]
[49, 164]
[51, 164]
[53, 164]
[55, 164]
[57, 164]
[59, 164]
[61, 164]
[63, 164]
[65, 164]
[67, 164]
[69, 164]
[71, 164]
[73, 164]
[164, 187]
[75, 164]
[143, 164]
[77, 164]
[79, 164]
[81, 164]
[83, 164]
[85, 164]
[87, 164]
[89, 164]
[91, 164]
[135, 164]
[93, 164]
[95, 164]
[97, 164]
[99, 164]
[101, 164]
[164, 195]
[103, 164]
[105, 164]
[107, 164]
[109, 164]
[111, 164]
[164, 229]
[113, 164]
[164, 221]
[115, 164]
[117, 164]
[119, 164]
[121, 164]
[123, 164]
[125, 164]
[127, 164]
[0, 164]
[2, 164]
[9, 164]
[164, 167]
[129, 166]
[131, 166]
[5, 166]
[7, 166]
[139, 166]
[141, 166]
[19, 166]
[21, 166]
[23, 166]
[137, 166]
[25, 166]
[27, 166]
[29, 166]
[31, 166]
[133, 166]
[33, 166]
[35, 166]
[37, 166]
[39, 166]
[166, 249]
[41, 166]
[43, 166]
[45, 166]
[47, 166]
[49, 166]
[51, 166]
[53, 166]
[55, 166]
[57, 166]
[59, 166]
[61, 166]
[63, 166]
[65, 166]
[67, 166]
[69, 166]
[71, 166]
[73, 166]
[166, 187]
[75, 166]
[143, 166]
[77, 166]
[79, 166]
[81, 166]
[83, 166]
[85, 166]
[87, 166]
[89, 166]
[91, 166]
[135, 166]
[93, 166]
[95, 166]
[97, 166]
[99, 166]
[101, 166]
[166, 195]
[103, 166]
[105, 166]
[107, 166]
[109, 166]
[111, 166]
[166, 229]
[113, 166]
[166, 221]
[115, 166]
[117, 166]
[119, 166]
[121, 166]
[123, 166]
[125, 166]
[127, 166]
[0, 166]
[2, 166]
[9, 166]
[166, 167]
[129, 168]
[131, 168]
[5, 168]
[7, 168]
[139, 168]
[141, 168]
[19, 168]
[21, 168]
[23, 168]
[137, 168]
[25, 168]
[27, 168]
[29, 168]
[31, 168]
[133, 168]
[33, 168]
[35, 168]
[37, 168]
[39, 168]
[168, 249]
[41, 168]
[43, 168]
[45, 168]
[47, 168]
[49, 168]
[51, 168]
[53, 168]
[55, 168]
[57, 168]
[59, 168]
[61, 168]
[63, 168]
[65, 168]
[67, 168]
[69, 168]
[71, 168]
[73, 168]
[168, 187]
[75, 168]
[143, 168]
[77, 168]
[79, 168]
[81, 168]
[83, 168]
[85, 168]
[87, 168]
[89, 168]
[91, 168]
[135, 168]
[93, 168]
[95, 168]
[97, 168]
[99, 168]
[101, 168]
[168, 195]
[103, 168]
[105, 168]
[107, 168]
[109, 168]
[111, 168]
[168, 229]
[113, 168]
[168, 221]
[115, 168]
[117, 168]
[119, 168]
[121, 168]
[123, 168]
[125, 168]
[127, 168]
[0, 168]
[2, 168]
[9, 168]
[167, 168]
[129, 170]
[131, 170]
[5, 170]
[7, 170]
[139, 170]
[141, 170]
[19, 170]
[21, 170]
[23, 170]
[137, 170]
[25, 170]
[27, 170]
[29, 170]
[31, 170]
[133, 170]
[33, 170]
[35, 170]
[37, 170]
[39, 170]
[170, 249]
[41, 170]
[43, 170]
[45, 170]
[47, 170]
[49, 170]
[51, 170]
[53, 170]
[55, 170]
[57, 170]
[59, 170]
[61, 170]
[63, 170]
[65, 170]
[67, 170]
[69, 170]
[71, 170]
[73, 170]
[170, 187]
[75, 170]
[143, 170]
[77, 170]
[79, 170]
[81, 170]
[83, 170]
[85, 170]
[87, 170]
[89, 170]
[91, 170]
[135, 170]
[93, 170]
[95, 170]
[97, 170]
[99, 170]
[101, 170]
[170, 195]
[103, 170]
[105, 170]
[107, 170]
[109, 170]
[111, 170]
[170, 229]
[113, 170]
[170, 221]
[115, 170]
[117, 170]
[119, 170]
[121, 170]
[123, 170]
[125, 170]
[127, 170]
[0, 170]
[2, 170]
[9, 170]
[167, 170]
[129, 172]
[131, 172]
[5, 172]
[7, 172]
[139, 172]
[141, 172]
[19, 172]
[21, 172]
[23, 172]
[137, 172]
[25, 172]
[27, 172]
[29, 172]
[31, 172]
[133, 172]
[33, 172]
[35, 172]
[37, 172]
[39, 172]
[172, 249]
[41, 172]
[43, 172]
[45, 172]
[47, 172]
[49, 172]
[51, 172]
[53, 172]
[55, 172]
[57, 172]
[59, 172]
[61, 172]
[63, 172]
[65, 172]
[67, 172]
[69, 172]
[71, 172]
[73, 172]
[172, 187]
[75, 172]
[143, 172]
[77, 172]
[79, 172]
[81, 172]
[83, 172]
[85, 172]
[87, 172]
[89, 172]
[91, 172]
[135, 172]
[93, 172]
[95, 172]
[97, 172]
[99, 172]
[101, 172]
[172, 195]
[103, 172]
[105, 172]
[107, 172]
[109, 172]
[111, 172]
[172, 229]
[113, 172]
[172, 221]
[115, 172]
[117, 172]
[119, 172]
[121, 172]
[123, 172]
[125, 172]
[127, 172]
[0, 172]
[2, 172]
[9, 172]
[167, 172]
[129, 174]
[131, 174]
[5, 174]
[7, 174]
[139, 174]
[141, 174]
[19, 174]
[21, 174]
[23, 174]
[137, 174]
[25, 174]
[27, 174]
[29, 174]
[31, 174]
[133, 174]
[33, 174]
[35, 174]
[37, 174]
[39, 174]
[174, 249]
[41, 174]
[43, 174]
[45, 174]
[47, 174]
[49, 174]
[51, 174]
[53, 174]
[55, 174]
[57, 174]
[59, 174]
[61, 174]
[63, 174]
[65, 174]
[67, 174]
[69, 174]
[71, 174]
[73, 174]
[174, 187]
[75, 174]
[143, 174]
[77, 174]
[79, 174]
[81, 174]
[83, 174]
[85, 174]
[87, 174]
[89, 174]
[91, 174]
[135, 174]
[93, 174]
[95, 174]
[97, 174]
[99, 174]
[101, 174]
[174, 195]
[103, 174]
[105, 174]
[107, 174]
[109, 174]
[111, 174]
[174, 229]
[113, 174]
[174, 221]
[115, 174]
[117, 174]
[119, 174]
[121, 174]
[123, 174]
[125, 174]
[127, 174]
[0, 174]
[2, 174]
[9, 174]
[167, 174]
[129, 176]
[131, 176]
[5, 176]
[7, 176]
[139, 176]
[141, 176]
[19, 176]
[21, 176]
[23, 176]
[137, 176]
[25, 176]
[27, 176]
[29, 176]
[31, 176]
[133, 176]
[33, 176]
[35, 176]
[37, 176]
[39, 176]
[176, 249]
[41, 176]
[43, 176]
[45, 176]
[47, 176]
[49, 176]
[51, 176]
[53, 176]
[55, 176]
[57, 176]
[59, 176]
[61, 176]
[63, 176]
[65, 176]
[67, 176]
[69, 176]
[71, 176]
[73, 176]
[176, 187]
[75, 176]
[143, 176]
[77, 176]
[79, 176]
[81, 176]
[83, 176]
[85, 176]
[87, 176]
[89, 176]
[91, 176]
[135, 176]
[93, 176]
[95, 176]
[97, 176]
[99, 176]
[101, 176]
[176, 195]
[103, 176]
[105, 176]
[107, 176]
[109, 176]
[111, 176]
[176, 229]
[113, 176]
[176, 221]
[115, 176]
[117, 176]
[119, 176]
[121, 176]
[123, 176]
[125, 176]
[127, 176]
[0, 176]
[2, 176]
[9, 176]
[167, 176]
[129, 178]
[131, 178]
[5, 178]
[7, 178]
[139, 178]
[141, 178]
[19, 178]
[21, 178]
[23, 178]
[137, 178]
[25, 178]
[27, 178]
[29, 178]
[31, 178]
[133, 178]
[33, 178]
[35, 178]
[37, 178]
[39, 178]
[178, 249]
[41, 178]
[43, 178]
[45, 178]
[47, 178]
[49, 178]
[51, 178]
[53, 178]
[55, 178]
[57, 178]
[59, 178]
[61, 178]
[63, 178]
[65, 178]
[67, 178]
[69, 178]
[71, 178]
[73, 178]
[178, 187]
[75, 178]
[143, 178]
[77, 178]
[79, 178]
[81, 178]
[83, 178]
[85, 178]
[87, 178]
[89, 178]
[91, 178]
[135, 178]
[93, 178]
[95, 178]
[97, 178]
[99, 178]
[101, 178]
[178, 195]
[103, 178]
[105, 178]
[107, 178]
[109, 178]
[111, 178]
[178, 229]
[113, 178]
[178, 221]
[115, 178]
[117, 178]
[119, 178]
[121, 178]
[123, 178]
[125, 178]
[127, 178]
[0, 178]
[2, 178]
[9, 178]
[167, 178]
[129, 180]
[131, 180]
[5, 180]
[7, 180]
[139, 180]
[141, 180]
[19, 180]
[21, 180]
[23, 180]
[137, 180]
[25, 180]
[27, 180]
[29, 180]
[31, 180]
[133, 180]
[33, 180]
[35, 180]
[37, 180]
[39, 180]
[180, 249]
[41, 180]
[43, 180]
[45, 180]
[47, 180]
[49, 180]
[51, 180]
[53, 180]
[55, 180]
[57, 180]
[59, 180]
[61, 180]
[63, 180]
[65, 180]
[67, 180]
[69, 180]
[71, 180]
[73, 180]
[180, 187]
[75, 180]
[143, 180]
[77, 180]
[79, 180]
[81, 180]
[83, 180]
[85, 180]
[87, 180]
[89, 180]
[91, 180]
[135, 180]
[93, 180]
[95, 180]
[97, 180]
[99, 180]
[101, 180]
[180, 195]
[103, 180]
[105, 180]
[107, 180]
[109, 180]
[111, 180]
[180, 229]
[113, 180]
[180, 221]
[115, 180]
[117, 180]
[119, 180]
[121, 180]
[123, 180]
[125, 180]
[127, 180]
[0, 180]
[2, 180]
[9, 180]
[167, 180]
[129, 182]
[131, 182]
[5, 182]
[7, 182]
[139, 182]
[141, 182]
[19, 182]
[21, 182]
[23, 182]
[137, 182]
[25, 182]
[27, 182]
[29, 182]
[31, 182]
[133, 182]
[33, 182]
[35, 182]
[37, 182]
[39, 182]
[182, 249]
[41, 182]
[43, 182]
[45, 182]
[47, 182]
[49, 182]
[51, 182]
[53, 182]
[55, 182]
[57, 182]
[59, 182]
[61, 182]
[63, 182]
[65, 182]
[67, 182]
[69, 182]
[71, 182]
[73, 182]
[182, 187]
[75, 182]
[143, 182]
[77, 182]
[79, 182]
[81, 182]
[83, 182]
[85, 182]
[87, 182]
[89, 182]
[91, 182]
[135, 182]
[93, 182]
[95, 182]
[97, 182]
[99, 182]
[101, 182]
[182, 195]
[103, 182]
[105, 182]
[107, 182]
[109, 182]
[111, 182]
[182, 229]
[113, 182]
[182, 221]
[115, 182]
[117, 182]
[119, 182]
[121, 182]
[123, 182]
[125, 182]
[127, 182]
[0, 182]
[2, 182]
[9, 182]
[167, 182]
[129, 184]
[131, 184]
[5, 184]
[7, 184]
[139, 184]
[141, 184]
[19, 184]
[21, 184]
[23, 184]
[137, 184]
[25, 184]
[27, 184]
[29, 184]
[31, 184]
[133, 184]
[33, 184]
[35, 184]
[37, 184]
[39, 184]
[184, 249]
[41, 184]
[43, 184]
[45, 184]
[47, 184]
[49, 184]
[51, 184]
[53, 184]
[55, 184]
[57, 184]
[59, 184]
[61, 184]
[63, 184]
[65, 184]
[67, 184]
[69, 184]
[71, 184]
[73, 184]
[184, 187]
[75, 184]
[143, 184]
[77, 184]
[79, 184]
[81, 184]
[83, 184]
[85, 184]
[87, 184]
[89, 184]
[91, 184]
[135, 184]
[93, 184]
[95, 184]
[97, 184]
[99, 184]
[101, 184]
[184, 195]
[103, 184]
[105, 184]
[107, 184]
[109, 184]
[111, 184]
[184, 229]
[113, 184]
[184, 221]
[115, 184]
[117, 184]
[119, 184]
[121, 184]
[123, 184]
[125, 184]
[127, 184]
[0, 184]
[2, 184]
[9, 184]
[167, 184]
[129, 186]
[131, 186]
[5, 186]
[7, 186]
[139, 186]
[141, 186]
[19, 186]
[21, 186]
[23, 186]
[137, 186]
[25, 186]
[27, 186]
[29, 186]
[31, 186]
[133, 186]
[33, 186]
[35, 186]
[37, 186]
[39, 186]
[186, 249]
[41, 186]
[43, 186]
[45, 186]
[47, 186]
[49, 186]
[51, 186]
[53, 186]
[55, 186]
[57, 186]
[59, 186]
[61, 186]
[63, 186]
[65, 186]
[67, 186]
[69, 186]
[71, 186]
[73, 186]
[186, 187]
[75, 186]
[143, 186]
[77, 186]
[79, 186]
[81, 186]
[83, 186]
[85, 186]
[87, 186]
[89, 186]
[91, 186]
[135, 186]
[93, 186]
[95, 186]
[97, 186]
[99, 186]
[101, 186]
[186, 195]
[103, 186]
[105, 186]
[107, 186]
[109, 186]
[111, 186]
[186, 229]
[113, 186]
[186, 221]
[115, 186]
[117, 186]
[119, 186]
[121, 186]
[123, 186]
[125, 186]
[127, 186]
[0, 186]
[2, 186]
[9, 186]
[167, 186]
[129, 187]
[131, 187]
[5, 187]
[7, 187]
[139, 187]
[19, 187]
[21, 187]
[23, 187]
[25, 187]
[27, 187]
[29, 187]
[31, 187]
[33, 187]
[35, 187]
[37, 187]
[39, 187]
[41, 187]
[43, 187]
[45, 187]
[47, 187]
[49, 187]
[51, 187]
[53, 187]
[55, 187]
[57, 187]
[59, 187]
[61, 187]
[63, 187]
[65, 187]
[67, 187]
[69, 187]
[71, 187]
[73, 187]
[75, 187]
[77, 187]
[79, 187]
[81, 187]
[83, 187]
[85, 187]
[87, 187]
[89, 187]
[91, 187]
[93, 187]
[95, 187]
[97, 187]
[99, 187]
[101, 187]
[103, 187]
[105, 187]
[107, 187]
[109, 187]
[111, 187]
[113, 187]
[115, 187]
[117, 187]
[119, 187]
[121, 187]
[123, 187]
[125, 187]
[127, 187]
[133, 187]
[135, 187]
[137, 187]
[141, 187]
[143, 187]
[187, 188]
[187, 190]
[187, 192]
[187, 194]
[187, 196]
[187, 198]
[187, 200]
[187, 202]
[187, 204]
[187, 206]
[187, 208]
[187, 210]
[187, 212]
[187, 214]
[187, 216]
[187, 218]
[187, 220]
[187, 222]
[187, 224]
[187, 226]
[187, 228]
[187, 230]
[187, 232]
[187, 234]
[187, 236]
[187, 238]
[187, 240]
[187, 242]
[187, 244]
[187, 246]
[187, 248]
[187, 250]
[187, 252]
[187, 254]
[187, 258]
[187, 268]
[187, 270]
[0, 187]
[3, 187]
[9, 187]
[12, 187]
[26, 187]
[28, 187]
[30, 187]
[42, 187]
[44, 187]
[46, 187]
[50, 187]
[52, 187]
[54, 187]
[56, 187]
[58, 187]
[62, 187]
[64, 187]
[66, 187]
[70, 187]
[74, 187]
[76, 187]
[78, 187]
[82, 187]
[84, 187]
[86, 187]
[88, 187]
[90, 187]
[92, 187]
[96, 187]
[98, 187]
[100, 187]
[106, 187]
[108, 187]
[110, 187]
[114, 187]
[116, 187]
[118, 187]
[120, 187]
[124, 187]
[126, 187]
[128, 187]
[132, 187]
[134, 187]
[138, 187]
[140, 187]
[142, 187]
[4, 187]
[10, 187]
[18, 187]
[20, 187]
[22, 187]
[24, 187]
[34, 187]
[36, 187]
[38, 187]
[48, 187]
[72, 187]
[80, 187]
[104, 187]
[112, 187]
[136, 187]
[144, 187]
[129, 188]
[131, 188]
[5, 188]
[7, 188]
[139, 188]
[141, 188]
[19, 188]
[21, 188]
[23, 188]
[137, 188]
[25, 188]
[27, 188]
[29, 188]
[31, 188]
[133, 188]
[33, 188]
[35, 188]
[37, 188]
[39, 188]
[188, 249]
[41, 188]
[43, 188]
[45, 188]
[47, 188]
[49, 188]
[51, 188]
[53, 188]
[55, 188]
[57, 188]
[59, 188]
[61, 188]
[63, 188]
[65, 188]
[67, 188]
[69, 188]
[71, 188]
[73, 188]
[75, 188]
[143, 188]
[77, 188]
[79, 188]
[81, 188]
[83, 188]
[85, 188]
[87, 188]
[89, 188]
[91, 188]
[135, 188]
[93, 188]
[95, 188]
[97, 188]
[99, 188]
[101, 188]
[188, 195]
[103, 188]
[105, 188]
[107, 188]
[109, 188]
[111, 188]
[188, 229]
[113, 188]
[188, 221]
[115, 188]
[117, 188]
[119, 188]
[121, 188]
[123, 188]
[125, 188]
[127, 188]
[0, 188]
[2, 188]
[9, 188]
[167, 188]
[129, 190]
[131, 190]
[5, 190]
[7, 190]
[139, 190]
[141, 190]
[19, 190]
[21, 190]
[23, 190]
[137, 190]
[25, 190]
[27, 190]
[29, 190]
[31, 190]
[133, 190]
[33, 190]
[35, 190]
[37, 190]
[39, 190]
[190, 249]
[41, 190]
[43, 190]
[45, 190]
[47, 190]
[49, 190]
[51, 190]
[53, 190]
[55, 190]
[57, 190]
[59, 190]
[61, 190]
[63, 190]
[65, 190]
[67, 190]
[69, 190]
[71, 190]
[73, 190]
[75, 190]
[143, 190]
[77, 190]
[79, 190]
[81, 190]
[83, 190]
[85, 190]
[87, 190]
[89, 190]
[91, 190]
[135, 190]
[93, 190]
[95, 190]
[97, 190]
[99, 190]
[101, 190]
[190, 195]
[103, 190]
[105, 190]
[107, 190]
[109, 190]
[111, 190]
[190, 229]
[113, 190]
[190, 221]
[115, 190]
[117, 190]
[119, 190]
[121, 190]
[123, 190]
[125, 190]
[127, 190]
[0, 190]
[2, 190]
[9, 190]
[167, 190]
[129, 192]
[131, 192]
[5, 192]
[7, 192]
[139, 192]
[141, 192]
[19, 192]
[21, 192]
[23, 192]
[137, 192]
[25, 192]
[27, 192]
[29, 192]
[31, 192]
[133, 192]
[33, 192]
[35, 192]
[37, 192]
[39, 192]
[192, 249]
[41, 192]
[43, 192]
[45, 192]
[47, 192]
[49, 192]
[51, 192]
[53, 192]
[55, 192]
[57, 192]
[59, 192]
[61, 192]
[63, 192]
[65, 192]
[67, 192]
[69, 192]
[71, 192]
[73, 192]
[75, 192]
[143, 192]
[77, 192]
[79, 192]
[81, 192]
[83, 192]
[85, 192]
[87, 192]
[89, 192]
[91, 192]
[135, 192]
[93, 192]
[95, 192]
[97, 192]
[99, 192]
[101, 192]
[192, 195]
[103, 192]
[105, 192]
[107, 192]
[109, 192]
[111, 192]
[192, 229]
[113, 192]
[192, 221]
[115, 192]
[117, 192]
[119, 192]
[121, 192]
[123, 192]
[125, 192]
[127, 192]
[0, 192]
[2, 192]
[9, 192]
[167, 192]
[129, 194]
[131, 194]
[5, 194]
[7, 194]
[139, 194]
[141, 194]
[19, 194]
[21, 194]
[23, 194]
[137, 194]
[25, 194]
[27, 194]
[29, 194]
[31, 194]
[133, 194]
[33, 194]
[35, 194]
[37, 194]
[39, 194]
[194, 249]
[41, 194]
[43, 194]
[45, 194]
[47, 194]
[49, 194]
[51, 194]
[53, 194]
[55, 194]
[57, 194]
[59, 194]
[61, 194]
[63, 194]
[65, 194]
[67, 194]
[69, 194]
[71, 194]
[73, 194]
[75, 194]
[143, 194]
[77, 194]
[79, 194]
[81, 194]
[83, 194]
[85, 194]
[87, 194]
[89, 194]
[91, 194]
[135, 194]
[93, 194]
[95, 194]
[97, 194]
[99, 194]
[101, 194]
[194, 195]
[103, 194]
[105, 194]
[107, 194]
[109, 194]
[111, 194]
[194, 229]
[113, 194]
[194, 221]
[115, 194]
[117, 194]
[119, 194]
[121, 194]
[123, 194]
[125, 194]
[127, 194]
[0, 194]
[2, 194]
[9, 194]
[167, 194]
[129, 195]
[131, 195]
[5, 195]
[7, 195]
[139, 195]
[19, 195]
[21, 195]
[23, 195]
[25, 195]
[27, 195]
[29, 195]
[31, 195]
[33, 195]
[35, 195]
[37, 195]
[39, 195]
[41, 195]
[43, 195]
[45, 195]
[47, 195]
[49, 195]
[51, 195]
[53, 195]
[55, 195]
[57, 195]
[59, 195]
[61, 195]
[63, 195]
[65, 195]
[67, 195]
[69, 195]
[71, 195]
[73, 195]
[75, 195]
[77, 195]
[79, 195]
[81, 195]
[83, 195]
[85, 195]
[87, 195]
[89, 195]
[91, 195]
[93, 195]
[95, 195]
[97, 195]
[99, 195]
[101, 195]
[103, 195]
[105, 195]
[107, 195]
[109, 195]
[111, 195]
[113, 195]
[115, 195]
[117, 195]
[119, 195]
[121, 195]
[123, 195]
[125, 195]
[127, 195]
[133, 195]
[135, 195]
[137, 195]
[141, 195]
[143, 195]
[195, 196]
[195, 198]
[195, 200]
[195, 202]
[195, 204]
[195, 206]
[195, 208]
[195, 210]
[195, 212]
[195, 214]
[195, 216]
[195, 218]
[195, 220]
[195, 222]
[195, 224]
[195, 226]
[195, 228]
[195, 230]
[195, 232]
[195, 234]
[195, 236]
[195, 238]
[195, 240]
[195, 242]
[195, 244]
[195, 246]
[195, 248]
[195, 250]
[195, 252]
[195, 254]
[195, 258]
[195, 268]
[195, 270]
[0, 195]
[3, 195]
[9, 195]
[12, 195]
[26, 195]
[28, 195]
[30, 195]
[42, 195]
[44, 195]
[46, 195]
[50, 195]
[52, 195]
[54, 195]
[56, 195]
[58, 195]
[62, 195]
[64, 195]
[66, 195]
[70, 195]
[74, 195]
[76, 195]
[78, 195]
[82, 195]
[84, 195]
[86, 195]
[88, 195]
[90, 195]
[92, 195]
[96, 195]
[98, 195]
[100, 195]
[106, 195]
[108, 195]
[110, 195]
[114, 195]
[116, 195]
[118, 195]
[120, 195]
[124, 195]
[126, 195]
[128, 195]
[132, 195]
[134, 195]
[138, 195]
[140, 195]
[142, 195]
[4, 195]
[10, 195]
[18, 195]
[20, 195]
[22, 195]
[24, 195]
[34, 195]
[36, 195]
[38, 195]
[48, 195]
[72, 195]
[80, 195]
[104, 195]
[112, 195]
[136, 195]
[144, 195]
[129, 196]
[131, 196]
[5, 196]
[7, 196]
[139, 196]
[141, 196]
[19, 196]
[21, 196]
[23, 196]
[137, 196]
[25, 196]
[27, 196]
[29, 196]
[31, 196]
[133, 196]
[33, 196]
[35, 196]
[37, 196]
[39, 196]
[196, 249]
[41, 196]
[43, 196]
[45, 196]
[47, 196]
[49, 196]
[51, 196]
[53, 196]
[55, 196]
[57, 196]
[59, 196]
[61, 196]
[63, 196]
[65, 196]
[67, 196]
[69, 196]
[71, 196]
[73, 196]
[75, 196]
[143, 196]
[77, 196]
[79, 196]
[81, 196]
[83, 196]
[85, 196]
[87, 196]
[89, 196]
[91, 196]
[135, 196]
[93, 196]
[95, 196]
[97, 196]
[99, 196]
[101, 196]
[103, 196]
[105, 196]
[107, 196]
[109, 196]
[111, 196]
[196, 229]
[113, 196]
[196, 221]
[115, 196]
[117, 196]
[119, 196]
[121, 196]
[123, 196]
[125, 196]
[127, 196]
[0, 196]
[2, 196]
[9, 196]
[167, 196]
[129, 198]
[131, 198]
[5, 198]
[7, 198]
[139, 198]
[141, 198]
[19, 198]
[21, 198]
[23, 198]
[137, 198]
[25, 198]
[27, 198]
[29, 198]
[31, 198]
[133, 198]
[33, 198]
[35, 198]
[37, 198]
[39, 198]
[198, 249]
[41, 198]
[43, 198]
[45, 198]
[47, 198]
[49, 198]
[51, 198]
[53, 198]
[55, 198]
[57, 198]
[59, 198]
[61, 198]
[63, 198]
[65, 198]
[67, 198]
[69, 198]
[71, 198]
[73, 198]
[75, 198]
[143, 198]
[77, 198]
[79, 198]
[81, 198]
[83, 198]
[85, 198]
[87, 198]
[89, 198]
[91, 198]
[135, 198]
[93, 198]
[95, 198]
[97, 198]
[99, 198]
[101, 198]
[103, 198]
[105, 198]
[107, 198]
[109, 198]
[111, 198]
[198, 229]
[113, 198]
[198, 221]
[115, 198]
[117, 198]
[119, 198]
[121, 198]
[123, 198]
[125, 198]
[127, 198]
[0, 198]
[2, 198]
[9, 198]
[167, 198]
[129, 200]
[131, 200]
[5, 200]
[7, 200]
[139, 200]
[141, 200]
[19, 200]
[21, 200]
[23, 200]
[137, 200]
[25, 200]
[27, 200]
[29, 200]
[31, 200]
[133, 200]
[33, 200]
[35, 200]
[37, 200]
[39, 200]
[200, 249]
[41, 200]
[43, 200]
[45, 200]
[47, 200]
[49, 200]
[51, 200]
[53, 200]
[55, 200]
[57, 200]
[59, 200]
[61, 200]
[63, 200]
[65, 200]
[67, 200]
[69, 200]
[71, 200]
[73, 200]
[75, 200]
[143, 200]
[77, 200]
[79, 200]
[81, 200]
[83, 200]
[85, 200]
[87, 200]
[89, 200]
[91, 200]
[135, 200]
[93, 200]
[95, 200]
[97, 200]
[99, 200]
[101, 200]
[103, 200]
[105, 200]
[107, 200]
[109, 200]
[111, 200]
[200, 229]
[113, 200]
[200, 221]
[115, 200]
[117, 200]
[119, 200]
[121, 200]
[123, 200]
[125, 200]
[127, 200]
[0, 200]
[2, 200]
[9, 200]
[167, 200]
[129, 268]
[131, 268]
[5, 268]
[7, 268]
[139, 268]
[141, 268]
[19, 268]
[21, 268]
[23, 268]
[137, 268]
[25, 268]
[27, 268]
[29, 268]
[31, 268]
[133, 268]
[33, 268]
[35, 268]
[37, 268]
[39, 268]
[249, 268]
[41, 268]
[43, 268]
[45, 268]
[47, 268]
[49, 268]
[51, 268]
[53, 268]
[55, 268]
[57, 268]
[59, 268]
[61, 268]
[63, 268]
[65, 268]
[67, 268]
[69, 268]
[71, 268]
[73, 268]
[75, 268]
[143, 268]
[77, 268]
[79, 268]
[81, 268]
[83, 268]
[85, 268]
[87, 268]
[89, 268]
[91, 268]
[135, 268]
[93, 268]
[95, 268]
[97, 268]
[99, 268]
[101, 268]
[103, 268]
[105, 268]
[107, 268]
[109, 268]
[111, 268]
[229, 268]
[113, 268]
[221, 268]
[115, 268]
[117, 268]
[119, 268]
[121, 268]
[123, 268]
[125, 268]
[127, 268]
[0, 268]
[2, 268]
[9, 268]
[167, 268]
[129, 202]
[131, 202]
[5, 202]
[7, 202]
[139, 202]
[141, 202]
[19, 202]
[21, 202]
[23, 202]
[137, 202]
[25, 202]
[27, 202]
[29, 202]
[31, 202]
[133, 202]
[33, 202]
[35, 202]
[37, 202]
[39, 202]
[202, 249]
[41, 202]
[43, 202]
[45, 202]
[47, 202]
[49, 202]
[51, 202]
[53, 202]
[55, 202]
[57, 202]
[59, 202]
[61, 202]
[63, 202]
[65, 202]
[67, 202]
[69, 202]
[71, 202]
[73, 202]
[75, 202]
[143, 202]
[77, 202]
[79, 202]
[81, 202]
[83, 202]
[85, 202]
[87, 202]
[89, 202]
[91, 202]
[135, 202]
[93, 202]
[95, 202]
[97, 202]
[99, 202]
[101, 202]
[103, 202]
[105, 202]
[107, 202]
[109, 202]
[111, 202]
[202, 229]
[113, 202]
[202, 221]
[115, 202]
[117, 202]
[119, 202]
[121, 202]
[123, 202]
[125, 202]
[127, 202]
[0, 202]
[2, 202]
[9, 202]
[167, 202]
[129, 204]
[131, 204]
[5, 204]
[7, 204]
[139, 204]
[141, 204]
[19, 204]
[21, 204]
[23, 204]
[137, 204]
[25, 204]
[27, 204]
[29, 204]
[31, 204]
[133, 204]
[33, 204]
[35, 204]
[37, 204]
[39, 204]
[204, 249]
[41, 204]
[43, 204]
[45, 204]
[47, 204]
[49, 204]
[51, 204]
[53, 204]
[55, 204]
[57, 204]
[59, 204]
[61, 204]
[63, 204]
[65, 204]
[67, 204]
[69, 204]
[71, 204]
[73, 204]
[75, 204]
[143, 204]
[77, 204]
[79, 204]
[81, 204]
[83, 204]
[85, 204]
[87, 204]
[89, 204]
[91, 204]
[135, 204]
[93, 204]
[95, 204]
[97, 204]
[99, 204]
[101, 204]
[103, 204]
[105, 204]
[107, 204]
[109, 204]
[111, 204]
[204, 229]
[113, 204]
[204, 221]
[115, 204]
[117, 204]
[119, 204]
[121, 204]
[123, 204]
[125, 204]
[127, 204]
[0, 204]
[2, 204]
[9, 204]
[167, 204]
[129, 206]
[131, 206]
[5, 206]
[7, 206]
[139, 206]
[141, 206]
[19, 206]
[21, 206]
[23, 206]
[137, 206]
[25, 206]
[27, 206]
[29, 206]
[31, 206]
[133, 206]
[33, 206]
[35, 206]
[37, 206]
[39, 206]
[206, 249]
[41, 206]
[43, 206]
[45, 206]
[47, 206]
[49, 206]
[51, 206]
[53, 206]
[55, 206]
[57, 206]
[59, 206]
[61, 206]
[63, 206]
[65, 206]
[67, 206]
[69, 206]
[71, 206]
[73, 206]
[75, 206]
[143, 206]
[77, 206]
[79, 206]
[81, 206]
[83, 206]
[85, 206]
[87, 206]
[89, 206]
[91, 206]
[135, 206]
[93, 206]
[95, 206]
[97, 206]
[99, 206]
[101, 206]
[103, 206]
[105, 206]
[107, 206]
[109, 206]
[111, 206]
[206, 229]
[113, 206]
[206, 221]
[115, 206]
[117, 206]
[119, 206]
[121, 206]
[123, 206]
[125, 206]
[127, 206]
[0, 206]
[2, 206]
[9, 206]
[167, 206]
[129, 208]
[131, 208]
[5, 208]
[7, 208]
[139, 208]
[141, 208]
[19, 208]
[21, 208]
[23, 208]
[137, 208]
[25, 208]
[27, 208]
[29, 208]
[31, 208]
[133, 208]
[33, 208]
[35, 208]
[37, 208]
[39, 208]
[208, 249]
[41, 208]
[43, 208]
[45, 208]
[47, 208]
[49, 208]
[51, 208]
[53, 208]
[55, 208]
[57, 208]
[59, 208]
[61, 208]
[63, 208]
[65, 208]
[67, 208]
[69, 208]
[71, 208]
[73, 208]
[75, 208]
[143, 208]
[77, 208]
[79, 208]
[81, 208]
[83, 208]
[85, 208]
[87, 208]
[89, 208]
[91, 208]
[135, 208]
[93, 208]
[95, 208]
[97, 208]
[99, 208]
[101, 208]
[103, 208]
[105, 208]
[107, 208]
[109, 208]
[111, 208]
[208, 229]
[113, 208]
[208, 221]
[115, 208]
[117, 208]
[119, 208]
[121, 208]
[123, 208]
[125, 208]
[127, 208]
[0, 208]
[2, 208]
[9, 208]
[167, 208]
[129, 210]
[131, 210]
[5, 210]
[7, 210]
[139, 210]
[141, 210]
[19, 210]
[21, 210]
[23, 210]
[137, 210]
[25, 210]
[27, 210]
[29, 210]
[31, 210]
[133, 210]
[33, 210]
[35, 210]
[37, 210]
[39, 210]
[210, 249]
[41, 210]
[43, 210]
[45, 210]
[47, 210]
[49, 210]
[51, 210]
[53, 210]
[55, 210]
[57, 210]
[59, 210]
[61, 210]
[63, 210]
[65, 210]
[67, 210]
[69, 210]
[71, 210]
[73, 210]
[75, 210]
[143, 210]
[77, 210]
[79, 210]
[81, 210]
[83, 210]
[85, 210]
[87, 210]
[89, 210]
[91, 210]
[135, 210]
[93, 210]
[95, 210]
[97, 210]
[99, 210]
[101, 210]
[103, 210]
[105, 210]
[107, 210]
[109, 210]
[111, 210]
[210, 229]
[113, 210]
[210, 221]
[115, 210]
[117, 210]
[119, 210]
[121, 210]
[123, 210]
[125, 210]
[127, 210]
[0, 210]
[2, 210]
[9, 210]
[167, 210]
[129, 212]
[131, 212]
[5, 212]
[7, 212]
[139, 212]
[141, 212]
[19, 212]
[21, 212]
[23, 212]
[137, 212]
[25, 212]
[27, 212]
[29, 212]
[31, 212]
[133, 212]
[33, 212]
[35, 212]
[37, 212]
[39, 212]
[212, 249]
[41, 212]
[43, 212]
[45, 212]
[47, 212]
[49, 212]
[51, 212]
[53, 212]
[55, 212]
[57, 212]
[59, 212]
[61, 212]
[63, 212]
[65, 212]
[67, 212]
[69, 212]
[71, 212]
[73, 212]
[75, 212]
[143, 212]
[77, 212]
[79, 212]
[81, 212]
[83, 212]
[85, 212]
[87, 212]
[89, 212]
[91, 212]
[135, 212]
[93, 212]
[95, 212]
[97, 212]
[99, 212]
[101, 212]
[103, 212]
[105, 212]
[107, 212]
[109, 212]
[111, 212]
[212, 229]
[113, 212]
[212, 221]
[115, 212]
[117, 212]
[119, 212]
[121, 212]
[123, 212]
[125, 212]
[127, 212]
[0, 212]
[2, 212]
[9, 212]
[167, 212]
[129, 270]
[131, 270]
[5, 270]
[7, 270]
[139, 270]
[141, 270]
[19, 270]
[21, 270]
[23, 270]
[137, 270]
[25, 270]
[27, 270]
[29, 270]
[31, 270]
[133, 270]
[33, 270]
[35, 270]
[37, 270]
[39, 270]
[249, 270]
[41, 270]
[43, 270]
[45, 270]
[47, 270]
[49, 270]
[51, 270]
[53, 270]
[55, 270]
[57, 270]
[59, 270]
[61, 270]
[63, 270]
[65, 270]
[67, 270]
[69, 270]
[71, 270]
[73, 270]
[75, 270]
[143, 270]
[77, 270]
[79, 270]
[81, 270]
[83, 270]
[85, 270]
[87, 270]
[89, 270]
[91, 270]
[135, 270]
[93, 270]
[95, 270]
[97, 270]
[99, 270]
[101, 270]
[103, 270]
[105, 270]
[107, 270]
[109, 270]
[111, 270]
[229, 270]
[113, 270]
[221, 270]
[115, 270]
[117, 270]
[119, 270]
[121, 270]
[123, 270]
[125, 270]
[127, 270]
[0, 270]
[2, 270]
[9, 270]
[167, 270]
[129, 214]
[131, 214]
[5, 214]
[7, 214]
[139, 214]
[141, 214]
[19, 214]
[21, 214]
[23, 214]
[137, 214]
[25, 214]
[27, 214]
[29, 214]
[31, 214]
[133, 214]
[33, 214]
[35, 214]
[37, 214]
[39, 214]
[214, 249]
[41, 214]
[43, 214]
[45, 214]
[47, 214]
[49, 214]
[51, 214]
[53, 214]
[55, 214]
[57, 214]
[59, 214]
[61, 214]
[63, 214]
[65, 214]
[67, 214]
[69, 214]
[71, 214]
[73, 214]
[75, 214]
[143, 214]
[77, 214]
[79, 214]
[81, 214]
[83, 214]
[85, 214]
[87, 214]
[89, 214]
[91, 214]
[135, 214]
[93, 214]
[95, 214]
[97, 214]
[99, 214]
[101, 214]
[103, 214]
[105, 214]
[107, 214]
[109, 214]
[111, 214]
[214, 229]
[113, 214]
[214, 221]
[115, 214]
[117, 214]
[119, 214]
[121, 214]
[123, 214]
[125, 214]
[127, 214]
[0, 214]
[2, 214]
[9, 214]
[167, 214]
[129, 216]
[131, 216]
[5, 216]
[7, 216]
[139, 216]
[141, 216]
[19, 216]
[21, 216]
[23, 216]
[137, 216]
[25, 216]
[27, 216]
[29, 216]
[31, 216]
[133, 216]
[33, 216]
[35, 216]
[37, 216]
[39, 216]
[216, 249]
[41, 216]
[43, 216]
[45, 216]
[47, 216]
[49, 216]
[51, 216]
[53, 216]
[55, 216]
[57, 216]
[59, 216]
[61, 216]
[63, 216]
[65, 216]
[67, 216]
[69, 216]
[71, 216]
[73, 216]
[75, 216]
[143, 216]
[77, 216]
[79, 216]
[81, 216]
[83, 216]
[85, 216]
[87, 216]
[89, 216]
[91, 216]
[135, 216]
[93, 216]
[95, 216]
[97, 216]
[99, 216]
[101, 216]
[103, 216]
[105, 216]
[107, 216]
[109, 216]
[111, 216]
[216, 229]
[113, 216]
[216, 221]
[115, 216]
[117, 216]
[119, 216]
[121, 216]
[123, 216]
[125, 216]
[127, 216]
[0, 216]
[2, 216]
[9, 216]
[167, 216]
[129, 218]
[131, 218]
[5, 218]
[7, 218]
[139, 218]
[141, 218]
[19, 218]
[21, 218]
[23, 218]
[137, 218]
[25, 218]
[27, 218]
[29, 218]
[31, 218]
[133, 218]
[33, 218]
[35, 218]
[37, 218]
[39, 218]
[218, 249]
[41, 218]
[43, 218]
[45, 218]
[47, 218]
[49, 218]
[51, 218]
[53, 218]
[55, 218]
[57, 218]
[59, 218]
[61, 218]
[63, 218]
[65, 218]
[67, 218]
[69, 218]
[71, 218]
[73, 218]
[75, 218]
[143, 218]
[77, 218]
[79, 218]
[81, 218]
[83, 218]
[85, 218]
[87, 218]
[89, 218]
[91, 218]
[135, 218]
[93, 218]
[95, 218]
[97, 218]
[99, 218]
[101, 218]
[103, 218]
[105, 218]
[107, 218]
[109, 218]
[111, 218]
[218, 229]
[113, 218]
[218, 221]
[115, 218]
[117, 218]
[119, 218]
[121, 218]
[123, 218]
[125, 218]
[127, 218]
[0, 218]
[2, 218]
[9, 218]
[167, 218]
[129, 220]
[131, 220]
[5, 220]
[7, 220]
[139, 220]
[141, 220]
[19, 220]
[21, 220]
[23, 220]
[137, 220]
[25, 220]
[27, 220]
[29, 220]
[31, 220]
[133, 220]
[33, 220]
[35, 220]
[37, 220]
[39, 220]
[220, 249]
[41, 220]
[43, 220]
[45, 220]
[47, 220]
[49, 220]
[51, 220]
[53, 220]
[55, 220]
[57, 220]
[59, 220]
[61, 220]
[63, 220]
[65, 220]
[67, 220]
[69, 220]
[71, 220]
[73, 220]
[75, 220]
[143, 220]
[77, 220]
[79, 220]
[81, 220]
[83, 220]
[85, 220]
[87, 220]
[89, 220]
[91, 220]
[135, 220]
[93, 220]
[95, 220]
[97, 220]
[99, 220]
[101, 220]
[103, 220]
[105, 220]
[107, 220]
[109, 220]
[111, 220]
[220, 229]
[113, 220]
[220, 221]
[115, 220]
[117, 220]
[119, 220]
[121, 220]
[123, 220]
[125, 220]
[127, 220]
[0, 220]
[2, 220]
[9, 220]
[167, 220]
[129, 221]
[131, 221]
[5, 221]
[7, 221]
[139, 221]
[19, 221]
[21, 221]
[23, 221]
[25, 221]
[27, 221]
[29, 221]
[31, 221]
[33, 221]
[35, 221]
[37, 221]
[39, 221]
[41, 221]
[43, 221]
[45, 221]
[47, 221]
[49, 221]
[51, 221]
[53, 221]
[55, 221]
[57, 221]
[59, 221]
[61, 221]
[63, 221]
[65, 221]
[67, 221]
[69, 221]
[71, 221]
[73, 221]
[75, 221]
[77, 221]
[79, 221]
[81, 221]
[83, 221]
[85, 221]
[87, 221]
[89, 221]
[91, 221]
[93, 221]
[95, 221]
[97, 221]
[99, 221]
[101, 221]
[103, 221]
[105, 221]
[107, 221]
[109, 221]
[111, 221]
[113, 221]
[115, 221]
[117, 221]
[119, 221]
[121, 221]
[123, 221]
[125, 221]
[127, 221]
[133, 221]
[135, 221]
[137, 221]
[141, 221]
[143, 221]
[221, 222]
[221, 224]
[221, 226]
[221, 228]
[221, 230]
[221, 232]
[221, 234]
[221, 236]
[221, 238]
[221, 240]
[221, 242]
[221, 244]
[221, 246]
[221, 248]
[221, 250]
[221, 252]
[221, 254]
[221, 258]
[0, 221]
[3, 221]
[9, 221]
[12, 221]
[26, 221]
[28, 221]
[30, 221]
[42, 221]
[44, 221]
[46, 221]
[50, 221]
[52, 221]
[54, 221]
[56, 221]
[58, 221]
[62, 221]
[64, 221]
[66, 221]
[70, 221]
[74, 221]
[76, 221]
[78, 221]
[82, 221]
[84, 221]
[86, 221]
[88, 221]
[90, 221]
[92, 221]
[96, 221]
[98, 221]
[100, 221]
[106, 221]
[108, 221]
[110, 221]
[114, 221]
[116, 221]
[118, 221]
[120, 221]
[124, 221]
[126, 221]
[128, 221]
[132, 221]
[134, 221]
[138, 221]
[140, 221]
[142, 221]
[4, 221]
[10, 221]
[18, 221]
[20, 221]
[22, 221]
[24, 221]
[34, 221]
[36, 221]
[38, 221]
[48, 221]
[72, 221]
[80, 221]
[104, 221]
[112, 221]
[136, 221]
[144, 221]
[129, 222]
[131, 222]
[5, 222]
[7, 222]
[139, 222]
[141, 222]
[19, 222]
[21, 222]
[23, 222]
[137, 222]
[25, 222]
[27, 222]
[29, 222]
[31, 222]
[133, 222]
[33, 222]
[35, 222]
[37, 222]
[39, 222]
[222, 249]
[41, 222]
[43, 222]
[45, 222]
[47, 222]
[49, 222]
[51, 222]
[53, 222]
[55, 222]
[57, 222]
[59, 222]
[61, 222]
[63, 222]
[65, 222]
[67, 222]
[69, 222]
[71, 222]
[73, 222]
[75, 222]
[143, 222]
[77, 222]
[79, 222]
[81, 222]
[83, 222]
[85, 222]
[87, 222]
[89, 222]
[91, 222]
[135, 222]
[93, 222]
[95, 222]
[97, 222]
[99, 222]
[101, 222]
[103, 222]
[105, 222]
[107, 222]
[109, 222]
[111, 222]
[222, 229]
[113, 222]
[115, 222]
[117, 222]
[119, 222]
[121, 222]
[123, 222]
[125, 222]
[127, 222]
[0, 222]
[2, 222]
[9, 222]
[167, 222]
[129, 224]
[131, 224]
[5, 224]
[7, 224]
[139, 224]
[141, 224]
[19, 224]
[21, 224]
[23, 224]
[137, 224]
[25, 224]
[27, 224]
[29, 224]
[31, 224]
[133, 224]
[33, 224]
[35, 224]
[37, 224]
[39, 224]
[224, 249]
[41, 224]
[43, 224]
[45, 224]
[47, 224]
[49, 224]
[51, 224]
[53, 224]
[55, 224]
[57, 224]
[59, 224]
[61, 224]
[63, 224]
[65, 224]
[67, 224]
[69, 224]
[71, 224]
[73, 224]
[75, 224]
[143, 224]
[77, 224]
[79, 224]
[81, 224]
[83, 224]
[85, 224]
[87, 224]
[89, 224]
[91, 224]
[135, 224]
[93, 224]
[95, 224]
[97, 224]
[99, 224]
[101, 224]
[103, 224]
[105, 224]
[107, 224]
[109, 224]
[111, 224]
[224, 229]
[113, 224]
[115, 224]
[117, 224]
[119, 224]
[121, 224]
[123, 224]
[125, 224]
[127, 224]
[0, 224]
[2, 224]
[9, 224]
[167, 224]
[129, 226]
[131, 226]
[5, 226]
[7, 226]
[139, 226]
[141, 226]
[19, 226]
[21, 226]
[23, 226]
[137, 226]
[25, 226]
[27, 226]
[29, 226]
[31, 226]
[133, 226]
[33, 226]
[35, 226]
[37, 226]
[39, 226]
[226, 249]
[41, 226]
[43, 226]
[45, 226]
[47, 226]
[49, 226]
[51, 226]
[53, 226]
[55, 226]
[57, 226]
[59, 226]
[61, 226]
[63, 226]
[65, 226]
[67, 226]
[69, 226]
[71, 226]
[73, 226]
[75, 226]
[143, 226]
[77, 226]
[79, 226]
[81, 226]
[83, 226]
[85, 226]
[87, 226]
[89, 226]
[91, 226]
[135, 226]
[93, 226]
[95, 226]
[97, 226]
[99, 226]
[101, 226]
[103, 226]
[105, 226]
[107, 226]
[109, 226]
[111, 226]
[226, 229]
[113, 226]
[115, 226]
[117, 226]
[119, 226]
[121, 226]
[123, 226]
[125, 226]
[127, 226]
[0, 226]
[2, 226]
[9, 226]
[167, 226]
[129, 228]
[131, 228]
[5, 228]
[7, 228]
[139, 228]
[141, 228]
[19, 228]
[21, 228]
[23, 228]
[137, 228]
[25, 228]
[27, 228]
[29, 228]
[31, 228]
[133, 228]
[33, 228]
[35, 228]
[37, 228]
[39, 228]
[228, 249]
[41, 228]
[43, 228]
[45, 228]
[47, 228]
[49, 228]
[51, 228]
[53, 228]
[55, 228]
[57, 228]
[59, 228]
[61, 228]
[63, 228]
[65, 228]
[67, 228]
[69, 228]
[71, 228]
[73, 228]
[75, 228]
[143, 228]
[77, 228]
[79, 228]
[81, 228]
[83, 228]
[85, 228]
[87, 228]
[89, 228]
[91, 228]
[135, 228]
[93, 228]
[95, 228]
[97, 228]
[99, 228]
[101, 228]
[103, 228]
[105, 228]
[107, 228]
[109, 228]
[111, 228]
[228, 229]
[113, 228]
[115, 228]
[117, 228]
[119, 228]
[121, 228]
[123, 228]
[125, 228]
[127, 228]
[0, 228]
[2, 228]
[9, 228]
[167, 228]
[129, 229]
[131, 229]
[5, 229]
[7, 229]
[139, 229]
[19, 229]
[21, 229]
[23, 229]
[25, 229]
[27, 229]
[29, 229]
[31, 229]
[33, 229]
[35, 229]
[37, 229]
[39, 229]
[41, 229]
[43, 229]
[45, 229]
[47, 229]
[49, 229]
[51, 229]
[53, 229]
[55, 229]
[57, 229]
[59, 229]
[61, 229]
[63, 229]
[65, 229]
[67, 229]
[69, 229]
[71, 229]
[73, 229]
[75, 229]
[77, 229]
[79, 229]
[81, 229]
[83, 229]
[85, 229]
[87, 229]
[89, 229]
[91, 229]
[93, 229]
[95, 229]
[97, 229]
[99, 229]
[101, 229]
[103, 229]
[105, 229]
[107, 229]
[109, 229]
[111, 229]
[113, 229]
[115, 229]
[117, 229]
[119, 229]
[121, 229]
[123, 229]
[125, 229]
[127, 229]
[133, 229]
[135, 229]
[137, 229]
[141, 229]
[143, 229]
[229, 230]
[229, 232]
[229, 234]
[229, 236]
[229, 238]
[229, 240]
[229, 242]
[229, 244]
[229, 246]
[229, 248]
[229, 250]
[229, 252]
[229, 254]
[229, 258]
[0, 229]
[3, 229]
[9, 229]
[12, 229]
[26, 229]
[28, 229]
[30, 229]
[42, 229]
[44, 229]
[46, 229]
[50, 229]
[52, 229]
[54, 229]
[56, 229]
[58, 229]
[62, 229]
[64, 229]
[66, 229]
[70, 229]
[74, 229]
[76, 229]
[78, 229]
[82, 229]
[84, 229]
[86, 229]
[88, 229]
[90, 229]
[92, 229]
[96, 229]
[98, 229]
[100, 229]
[106, 229]
[108, 229]
[110, 229]
[114, 229]
[116, 229]
[118, 229]
[120, 229]
[124, 229]
[126, 229]
[128, 229]
[132, 229]
[134, 229]
[138, 229]
[140, 229]
[142, 229]
[4, 229]
[10, 229]
[18, 229]
[20, 229]
[22, 229]
[24, 229]
[34, 229]
[36, 229]
[38, 229]
[48, 229]
[72, 229]
[80, 229]
[104, 229]
[112, 229]
[136, 229]
[144, 229]
[129, 230]
[131, 230]
[5, 230]
[7, 230]
[139, 230]
[141, 230]
[19, 230]
[21, 230]
[23, 230]
[137, 230]
[25, 230]
[27, 230]
[29, 230]
[31, 230]
[133, 230]
[33, 230]
[35, 230]
[37, 230]
[39, 230]
[230, 249]
[41, 230]
[43, 230]
[45, 230]
[47, 230]
[49, 230]
[51, 230]
[53, 230]
[55, 230]
[57, 230]
[59, 230]
[61, 230]
[63, 230]
[65, 230]
[67, 230]
[69, 230]
[71, 230]
[73, 230]
[75, 230]
[143, 230]
[77, 230]
[79, 230]
[81, 230]
[83, 230]
[85, 230]
[87, 230]
[89, 230]
[91, 230]
[135, 230]
[93, 230]
[95, 230]
[97, 230]
[99, 230]
[101, 230]
[103, 230]
[105, 230]
[107, 230]
[109, 230]
[111, 230]
[113, 230]
[115, 230]
[117, 230]
[119, 230]
[121, 230]
[123, 230]
[125, 230]
[127, 230]
[0, 230]
[2, 230]
[9, 230]
[167, 230]
[129, 232]
[131, 232]
[5, 232]
[7, 232]
[139, 232]
[141, 232]
[19, 232]
[21, 232]
[23, 232]
[137, 232]
[25, 232]
[27, 232]
[29, 232]
[31, 232]
[133, 232]
[33, 232]
[35, 232]
[37, 232]
[39, 232]
[232, 249]
[41, 232]
[43, 232]
[45, 232]
[47, 232]
[49, 232]
[51, 232]
[53, 232]
[55, 232]
[57, 232]
[59, 232]
[61, 232]
[63, 232]
[65, 232]
[67, 232]
[69, 232]
[71, 232]
[73, 232]
[75, 232]
[143, 232]
[77, 232]
[79, 232]
[81, 232]
[83, 232]
[85, 232]
[87, 232]
[89, 232]
[91, 232]
[135, 232]
[93, 232]
[95, 232]
[97, 232]
[99, 232]
[101, 232]
[103, 232]
[105, 232]
[107, 232]
[109, 232]
[111, 232]
[113, 232]
[115, 232]
[117, 232]
[119, 232]
[121, 232]
[123, 232]
[125, 232]
[127, 232]
[0, 232]
[2, 232]
[9, 232]
[167, 232]
[129, 234]
[131, 234]
[5, 234]
[7, 234]
[139, 234]
[141, 234]
[19, 234]
[21, 234]
[23, 234]
[137, 234]
[25, 234]
[27, 234]
[29, 234]
[31, 234]
[133, 234]
[33, 234]
[35, 234]
[37, 234]
[39, 234]
[234, 249]
[41, 234]
[43, 234]
[45, 234]
[47, 234]
[49, 234]
[51, 234]
[53, 234]
[55, 234]
[57, 234]
[59, 234]
[61, 234]
[63, 234]
[65, 234]
[67, 234]
[69, 234]
[71, 234]
[73, 234]
[75, 234]
[143, 234]
[77, 234]
[79, 234]
[81, 234]
[83, 234]
[85, 234]
[87, 234]
[89, 234]
[91, 234]
[135, 234]
[93, 234]
[95, 234]
[97, 234]
[99, 234]
[101, 234]
[103, 234]
[105, 234]
[107, 234]
[109, 234]
[111, 234]
[113, 234]
[115, 234]
[117, 234]
[119, 234]
[121, 234]
[123, 234]
[125, 234]
[127, 234]
[0, 234]
[2, 234]
[9, 234]
[167, 234]
[129, 236]
[131, 236]
[5, 236]
[7, 236]
[139, 236]
[141, 236]
[19, 236]
[21, 236]
[23, 236]
[137, 236]
[25, 236]
[27, 236]
[29, 236]
[31, 236]
[133, 236]
[33, 236]
[35, 236]
[37, 236]
[39, 236]
[236, 249]
[41, 236]
[43, 236]
[45, 236]
[47, 236]
[49, 236]
[51, 236]
[53, 236]
[55, 236]
[57, 236]
[59, 236]
[61, 236]
[63, 236]
[65, 236]
[67, 236]
[69, 236]
[71, 236]
[73, 236]
[75, 236]
[143, 236]
[77, 236]
[79, 236]
[81, 236]
[83, 236]
[85, 236]
[87, 236]
[89, 236]
[91, 236]
[135, 236]
[93, 236]
[95, 236]
[97, 236]
[99, 236]
[101, 236]
[103, 236]
[105, 236]
[107, 236]
[109, 236]
[111, 236]
[113, 236]
[115, 236]
[117, 236]
[119, 236]
[121, 236]
[123, 236]
[125, 236]
[127, 236]
[0, 236]
[2, 236]
[9, 236]
[167, 236]
[129, 238]
[131, 238]
[5, 238]
[7, 238]
[139, 238]
[141, 238]
[19, 238]
[21, 238]
[23, 238]
[137, 238]
[25, 238]
[27, 238]
[29, 238]
[31, 238]
[133, 238]
[33, 238]
[35, 238]
[37, 238]
[39, 238]
[238, 249]
[41, 238]
[43, 238]
[45, 238]
[47, 238]
[49, 238]
[51, 238]
[53, 238]
[55, 238]
[57, 238]
[59, 238]
[61, 238]
[63, 238]
[65, 238]
[67, 238]
[69, 238]
[71, 238]
[73, 238]
[75, 238]
[143, 238]
[77, 238]
[79, 238]
[81, 238]
[83, 238]
[85, 238]
[87, 238]
[89, 238]
[91, 238]
[135, 238]
[93, 238]
[95, 238]
[97, 238]
[99, 238]
[101, 238]
[103, 238]
[105, 238]
[107, 238]
[109, 238]
[111, 238]
[113, 238]
[115, 238]
[117, 238]
[119, 238]
[121, 238]
[123, 238]
[125, 238]
[127, 238]
[0, 238]
[2, 238]
[9, 238]
[167, 238]
[129, 240]
[131, 240]
[5, 240]
[7, 240]
[139, 240]
[141, 240]
[19, 240]
[21, 240]
[23, 240]
[137, 240]
[25, 240]
[27, 240]
[29, 240]
[31, 240]
[133, 240]
[33, 240]
[35, 240]
[37, 240]
[39, 240]
[240, 249]
[41, 240]
[43, 240]
[45, 240]
[47, 240]
[49, 240]
[51, 240]
[53, 240]
[55, 240]
[57, 240]
[59, 240]
[61, 240]
[63, 240]
[65, 240]
[67, 240]
[69, 240]
[71, 240]
[73, 240]
[75, 240]
[143, 240]
[77, 240]
[79, 240]
[81, 240]
[83, 240]
[85, 240]
[87, 240]
[89, 240]
[91, 240]
[135, 240]
[93, 240]
[95, 240]
[97, 240]
[99, 240]
[101, 240]
[103, 240]
[105, 240]
[107, 240]
[109, 240]
[111, 240]
[113, 240]
[115, 240]
[117, 240]
[119, 240]
[121, 240]
[123, 240]
[125, 240]
[127, 240]
[0, 240]
[2, 240]
[9, 240]
[167, 240]
[129, 242]
[131, 242]
[5, 242]
[7, 242]
[139, 242]
[141, 242]
[19, 242]
[21, 242]
[23, 242]
[137, 242]
[25, 242]
[27, 242]
[29, 242]
[31, 242]
[133, 242]
[33, 242]
[35, 242]
[37, 242]
[39, 242]
[242, 249]
[41, 242]
[43, 242]
[45, 242]
[47, 242]
[49, 242]
[51, 242]
[53, 242]
[55, 242]
[57, 242]
[59, 242]
[61, 242]
[63, 242]
[65, 242]
[67, 242]
[69, 242]
[71, 242]
[73, 242]
[75, 242]
[143, 242]
[77, 242]
[79, 242]
[81, 242]
[83, 242]
[85, 242]
[87, 242]
[89, 242]
[91, 242]
[135, 242]
[93, 242]
[95, 242]
[97, 242]
[99, 242]
[101, 242]
[103, 242]
[105, 242]
[107, 242]
[109, 242]
[111, 242]
[113, 242]
[115, 242]
[117, 242]
[119, 242]
[121, 242]
[123, 242]
[125, 242]
[127, 242]
[0, 242]
[2, 242]
[9, 242]
[167, 242]
[129, 258]
[131, 258]
[5, 258]
[7, 258]
[139, 258]
[141, 258]
[19, 258]
[21, 258]
[23, 258]
[137, 258]
[25, 258]
[27, 258]
[29, 258]
[31, 258]
[133, 258]
[33, 258]
[35, 258]
[37, 258]
[39, 258]
[249, 258]
[41, 258]
[43, 258]
[45, 258]
[47, 258]
[49, 258]
[51, 258]
[53, 258]
[55, 258]
[57, 258]
[59, 258]
[61, 258]
[63, 258]
[65, 258]
[67, 258]
[69, 258]
[71, 258]
[73, 258]
[75, 258]
[143, 258]
[77, 258]
[79, 258]
[81, 258]
[83, 258]
[85, 258]
[87, 258]
[89, 258]
[91, 258]
[135, 258]
[93, 258]
[95, 258]
[97, 258]
[99, 258]
[101, 258]
[103, 258]
[105, 258]
[107, 258]
[109, 258]
[111, 258]
[113, 258]
[115, 258]
[117, 258]
[119, 258]
[121, 258]
[123, 258]
[125, 258]
[127, 258]
[0, 258]
[2, 258]
[9, 258]
[167, 258]
[129, 244]
[131, 244]
[5, 244]
[7, 244]
[139, 244]
[141, 244]
[19, 244]
[21, 244]
[23, 244]
[137, 244]
[25, 244]
[27, 244]
[29, 244]
[31, 244]
[133, 244]
[33, 244]
[35, 244]
[37, 244]
[39, 244]
[244, 249]
[41, 244]
[43, 244]
[45, 244]
[47, 244]
[49, 244]
[51, 244]
[53, 244]
[55, 244]
[57, 244]
[59, 244]
[61, 244]
[63, 244]
[65, 244]
[67, 244]
[69, 244]
[71, 244]
[73, 244]
[75, 244]
[143, 244]
[77, 244]
[79, 244]
[81, 244]
[83, 244]
[85, 244]
[87, 244]
[89, 244]
[91, 244]
[135, 244]
[93, 244]
[95, 244]
[97, 244]
[99, 244]
[101, 244]
[103, 244]
[105, 244]
[107, 244]
[109, 244]
[111, 244]
[113, 244]
[115, 244]
[117, 244]
[119, 244]
[121, 244]
[123, 244]
[125, 244]
[127, 244]
[0, 244]
[2, 244]
[9, 244]
[167, 244]
[129, 246]
[131, 246]
[5, 246]
[7, 246]
[139, 246]
[141, 246]
[19, 246]
[21, 246]
[23, 246]
[137, 246]
[25, 246]
[27, 246]
[29, 246]
[31, 246]
[133, 246]
[33, 246]
[35, 246]
[37, 246]
[39, 246]
[246, 249]
[41, 246]
[43, 246]
[45, 246]
[47, 246]
[49, 246]
[51, 246]
[53, 246]
[55, 246]
[57, 246]
[59, 246]
[61, 246]
[63, 246]
[65, 246]
[67, 246]
[69, 246]
[71, 246]
[73, 246]
[75, 246]
[143, 246]
[77, 246]
[79, 246]
[81, 246]
[83, 246]
[85, 246]
[87, 246]
[89, 246]
[91, 246]
[135, 246]
[93, 246]
[95, 246]
[97, 246]
[99, 246]
[101, 246]
[103, 246]
[105, 246]
[107, 246]
[109, 246]
[111, 246]
[113, 246]
[115, 246]
[117, 246]
[119, 246]
[121, 246]
[123, 246]
[125, 246]
[127, 246]
[0, 246]
[2, 246]
[9, 246]
[167, 246]
[129, 248]
[131, 248]
[5, 248]
[7, 248]
[139, 248]
[141, 248]
[19, 248]
[21, 248]
[23, 248]
[137, 248]
[25, 248]
[27, 248]
[29, 248]
[31, 248]
[133, 248]
[33, 248]
[35, 248]
[37, 248]
[39, 248]
[248, 249]
[41, 248]
[43, 248]
[45, 248]
[47, 248]
[49, 248]
[51, 248]
[53, 248]
[55, 248]
[57, 248]
[59, 248]
[61, 248]
[63, 248]
[65, 248]
[67, 248]
[69, 248]
[71, 248]
[73, 248]
[75, 248]
[143, 248]
[77, 248]
[79, 248]
[81, 248]
[83, 248]
[85, 248]
[87, 248]
[89, 248]
[91, 248]
[135, 248]
[93, 248]
[95, 248]
[97, 248]
[99, 248]
[101, 248]
[103, 248]
[105, 248]
[107, 248]
[109, 248]
[111, 248]
[113, 248]
[115, 248]
[117, 248]
[119, 248]
[121, 248]
[123, 248]
[125, 248]
[127, 248]
[0, 248]
[2, 248]
[9, 248]
[167, 248]
[129, 249]
[131, 249]
[5, 249]
[7, 249]
[139, 249]
[19, 249]
[21, 249]
[23, 249]
[25, 249]
[27, 249]
[29, 249]
[31, 249]
[33, 249]
[35, 249]
[37, 249]
[39, 249]
[41, 249]
[43, 249]
[45, 249]
[47, 249]
[49, 249]
[51, 249]
[53, 249]
[55, 249]
[57, 249]
[59, 249]
[61, 249]
[63, 249]
[65, 249]
[67, 249]
[69, 249]
[71, 249]
[73, 249]
[75, 249]
[77, 249]
[79, 249]
[81, 249]
[83, 249]
[85, 249]
[87, 249]
[89, 249]
[91, 249]
[93, 249]
[95, 249]
[97, 249]
[99, 249]
[101, 249]
[103, 249]
[105, 249]
[107, 249]
[109, 249]
[111, 249]
[113, 249]
[115, 249]
[117, 249]
[119, 249]
[121, 249]
[123, 249]
[125, 249]
[127, 249]
[133, 249]
[135, 249]
[137, 249]
[141, 249]
[143, 249]
[249, 250]
[249, 252]
[249, 254]
[0, 249]
[3, 249]
[9, 249]
[12, 249]
[26, 249]
[28, 249]
[30, 249]
[42, 249]
[44, 249]
[46, 249]
[50, 249]
[52, 249]
[54, 249]
[56, 249]
[58, 249]
[62, 249]
[64, 249]
[66, 249]
[70, 249]
[74, 249]
[76, 249]
[78, 249]
[82, 249]
[84, 249]
[86, 249]
[88, 249]
[90, 249]
[92, 249]
[96, 249]
[98, 249]
[100, 249]
[106, 249]
[108, 249]
[110, 249]
[114, 249]
[116, 249]
[118, 249]
[120, 249]
[124, 249]
[126, 249]
[128, 249]
[132, 249]
[134, 249]
[138, 249]
[140, 249]
[142, 249]
[4, 249]
[10, 249]
[18, 249]
[20, 249]
[22, 249]
[24, 249]
[34, 249]
[36, 249]
[38, 249]
[48, 249]
[72, 249]
[80, 249]
[104, 249]
[112, 249]
[136, 249]
[144, 249]
[129, 250]
[131, 250]
[5, 250]
[7, 250]
[139, 250]
[141, 250]
[19, 250]
[21, 250]
[23, 250]
[137, 250]
[25, 250]
[27, 250]
[29, 250]
[31, 250]
[133, 250]
[33, 250]
[35, 250]
[37, 250]
[39, 250]
[41, 250]
[43, 250]
[45, 250]
[47, 250]
[49, 250]
[51, 250]
[53, 250]
[55, 250]
[57, 250]
[59, 250]
[61, 250]
[63, 250]
[65, 250]
[67, 250]
[69, 250]
[71, 250]
[73, 250]
[75, 250]
[143, 250]
[77, 250]
[79, 250]
[81, 250]
[83, 250]
[85, 250]
[87, 250]
[89, 250]
[91, 250]
[135, 250]
[93, 250]
[95, 250]
[97, 250]
[99, 250]
[101, 250]
[103, 250]
[105, 250]
[107, 250]
[109, 250]
[111, 250]
[113, 250]
[115, 250]
[117, 250]
[119, 250]
[121, 250]
[123, 250]
[125, 250]
[127, 250]
[0, 250]
[2, 250]
[9, 250]
[167, 250]
[129, 252]
[131, 252]
[5, 252]
[7, 252]
[139, 252]
[141, 252]
[19, 252]
[21, 252]
[23, 252]
[137, 252]
[25, 252]
[27, 252]
[29, 252]
[31, 252]
[133, 252]
[33, 252]
[35, 252]
[37, 252]
[39, 252]
[41, 252]
[43, 252]
[45, 252]
[47, 252]
[49, 252]
[51, 252]
[53, 252]
[55, 252]
[57, 252]
[59, 252]
[61, 252]
[63, 252]
[65, 252]
[67, 252]
[69, 252]
[71, 252]
[73, 252]
[75, 252]
[143, 252]
[77, 252]
[79, 252]
[81, 252]
[83, 252]
[85, 252]
[87, 252]
[89, 252]
[91, 252]
[135, 252]
[93, 252]
[95, 252]
[97, 252]
[99, 252]
[101, 252]
[103, 252]
[105, 252]
[107, 252]
[109, 252]
[111, 252]
[113, 252]
[115, 252]
[117, 252]
[119, 252]
[121, 252]
[123, 252]
[125, 252]
[127, 252]
[0, 252]
[2, 252]
[9, 252]
[167, 252]
[129, 254]
[131, 254]
[5, 254]
[7, 254]
[139, 254]
[141, 254]
[19, 254]
[21, 254]
[23, 254]
[137, 254]
[25, 254]
[27, 254]
[29, 254]
[31, 254]
[133, 254]
[33, 254]
[35, 254]
[37, 254]
[39, 254]
[41, 254]
[43, 254]
[45, 254]
[47, 254]
[49, 254]
[51, 254]
[53, 254]
[55, 254]
[57, 254]
[59, 254]
[61, 254]
[63, 254]
[65, 254]
[67, 254]
[69, 254]
[71, 254]
[73, 254]
[75, 254]
[143, 254]
[77, 254]
[79, 254]
[81, 254]
[83, 254]
[85, 254]
[87, 254]
[89, 254]
[91, 254]
[135, 254]
[93, 254]
[95, 254]
[97, 254]
[99, 254]
[101, 254]
[103, 254]
[105, 254]
[107, 254]
[109, 254]
[111, 254]
[113, 254]
[115, 254]
[117, 254]
[119, 254]
[121, 254]
[123, 254]
[125, 254]
[127, 254]
[0, 254]
[2, 254]
[9, 254]
[167, 254]
[2, 129]
[2, 131]
[2, 5]
[2, 7]
[2, 139]
[2, 141]
[2, 19]
[2, 21]
[2, 23]
[2, 137]
[2, 25]
[2, 27]
[2, 29]
[2, 31]
[2, 133]
[2, 33]
[2, 35]
[2, 37]
[2, 39]
[2, 41]
[2, 43]
[2, 45]
[2, 47]
[2, 49]
[2, 51]
[2, 53]
[2, 55]
[2, 57]
[2, 59]
[2, 61]
[2, 63]
[2, 65]
[2, 67]
[2, 69]
[2, 71]
[2, 73]
[2, 75]
[2, 143]
[2, 77]
[2, 79]
[2, 81]
[2, 83]
[2, 85]
[2, 87]
[2, 89]
[2, 91]
[2, 135]
[2, 93]
[2, 95]
[2, 97]
[2, 99]
[2, 101]
[2, 103]
[2, 105]
[2, 107]
[2, 109]
[2, 111]
[2, 113]
[2, 115]
[2, 117]
[2, 119]
[2, 121]
[2, 123]
[2, 125]
[2, 127]
[2, 26]
[2, 28]
[2, 30]
[2, 42]
[2, 44]
[2, 46]
[2, 50]
[2, 52]
[2, 54]
[2, 56]
[2, 58]
[2, 62]
[2, 64]
[2, 66]
[2, 70]
[2, 74]
[2, 76]
[2, 78]
[2, 82]
[2, 84]
[2, 86]
[2, 88]
[2, 90]
[2, 92]
[2, 96]
[2, 98]
[2, 100]
[2, 106]
[2, 108]
[2, 110]
[2, 114]
[2, 116]
[2, 118]
[2, 120]
[2, 124]
[2, 126]
[2, 128]
[2, 132]
[2, 134]
[2, 138]
[2, 140]
[2, 142]
[2, 4]
[2, 10]
[2, 18]
[2, 20]
[2, 22]
[2, 24]
[2, 34]
[2, 36]
[2, 38]
[2, 48]
[0, 2, 60]
[2, 3, 60]
[2, 9, 60]
[2, 12, 60]
[2, 60, 72]
[2, 60, 80]
[2, 60, 104]
[2, 60, 112]
[2, 60, 136]
[2, 60, 144]
[2, 72]
[2, 80]
[0, 2, 94]
[2, 3, 94]
[2, 9, 94]
[2, 12, 94]
[2, 94, 104]
[2, 94, 112]
[2, 94, 136]
[2, 94, 144]
[2, 104]
[2, 112]
[0, 2, 130]
[2, 3, 130]
[2, 9, 130]
[2, 12, 130]
[2, 130, 136]
[2, 130, 144]
[2, 136]
[2, 144]
[0, 2, 6]
[2, 3, 6]
[2, 6, 9]
[2, 6, 12]
[0, 2, 8]
[2, 3, 8]
[2, 8, 9]
[2, 8, 12]
[0, 2, 32]
[2, 3, 32]
[2, 9, 32]
[2, 12, 32]
[0, 2, 40]
[2, 3, 40]
[2, 9, 40]
[2, 12, 40]
[0, 2, 68]
[2, 3, 68]
[2, 9, 68]
[2, 12, 68]
[0, 2, 102]
[2, 3, 102]
[2, 9, 102]
[2, 12, 102]
[0, 2, 9]
[2, 3, 9]
[3, 129]
[3, 131]
[3, 5]
[3, 7]
[3, 139]
[3, 141]
[3, 19]
[3, 21]
[3, 23]
[3, 137]
[3, 25]
[3, 27]
[3, 29]
[3, 31]
[3, 133]
[3, 33]
[3, 35]
[3, 37]
[3, 39]
[3, 41]
[3, 43]
[3, 45]
[3, 47]
[3, 49]
[3, 51]
[3, 53]
[3, 55]
[3, 57]
[3, 59]
[3, 61]
[3, 63]
[3, 65]
[3, 67]
[3, 69]
[3, 71]
[3, 73]
[3, 75]
[3, 143]
[3, 77]
[3, 79]
[3, 81]
[3, 83]
[3, 85]
[3, 87]
[3, 89]
[3, 91]
[3, 135]
[3, 93]
[3, 95]
[3, 97]
[3, 99]
[3, 101]
[3, 103]
[3, 105]
[3, 107]
[3, 109]
[3, 111]
[3, 113]
[3, 115]
[3, 117]
[3, 119]
[3, 121]
[3, 123]
[3, 125]
[3, 127]
[0, 3, 9]
[0, 3, 12]
[0, 3, 26]
[0, 3, 28]
[0, 3, 30]
[0, 3, 42]
[0, 3, 44]
[0, 3, 46]
[0, 3, 50]
[0, 3, 52]
[0, 3, 54]
[0, 3, 56]
[0, 3, 58]
[0, 3, 62]
[0, 3, 64]
[0, 3, 66]
[0, 3, 70]
[0, 3, 74]
[0, 3, 76]
[0, 3, 78]
[0, 3, 82]
[0, 3, 84]
[0, 3, 86]
[0, 3, 88]
[0, 3, 90]
[0, 3, 92]
[0, 3, 96]
[0, 3, 98]
[0, 3, 100]
[0, 3, 106]
[0, 3, 108]
[0, 3, 110]
[0, 3, 114]
[0, 3, 116]
[0, 3, 118]
[0, 3, 120]
[0, 3, 124]
[0, 3, 126]
[0, 3, 128]
[0, 3, 132]
[0, 3, 134]
[0, 3, 138]
[0, 3, 140]
[0, 3, 142]
[0, 3, 167]
[0, 3, 60]
[0, 3, 94]
[0, 3, 130]
[0, 3, 122]
[3, 9]
[3, 167]
[12, 129]
[12, 131]
[5, 12]
[7, 12]
[12, 139]
[12, 141]
[12, 19]
[12, 21]
[12, 23]
[12, 137]
[12, 25]
[12, 27]
[12, 29]
[12, 31]
[12, 133]
[12, 33]
[12, 35]
[12, 37]
[12, 39]
[12, 41]
[12, 43]
[12, 45]
[12, 47]
[12, 49]
[12, 51]
[12, 53]
[12, 55]
[12, 57]
[12, 59]
[12, 61]
[12, 63]
[12, 65]
[12, 67]
[12, 69]
[12, 71]
[12, 73]
[12, 75]
[12, 143]
[12, 77]
[12, 79]
[12, 81]
[12, 83]
[12, 85]
[12, 87]
[12, 89]
[12, 91]
[12, 135]
[12, 93]
[12, 95]
[12, 97]
[12, 99]
[12, 101]
[12, 103]
[12, 105]
[12, 107]
[12, 109]
[12, 111]
[12, 113]
[12, 115]
[12, 117]
[12, 119]
[12, 121]
[12, 123]
[12, 125]
[12, 127]
[0, 12]
[2, 3, 12]
[9, 12, 26]
[9, 12, 28]
[9, 12, 30]
[9, 12, 42]
[9, 12, 44]
[9, 12, 46]
[9, 12, 50]
[9, 12, 52]
[9, 12, 54]
[9, 12, 56]
[9, 12, 58]
[9, 12, 62]
[9, 12, 64]
[9, 12, 66]
[9, 12, 70]
[9, 12, 74]
[9, 12, 76]
[9, 12, 78]
[9, 12, 82]
[9, 12, 84]
[9, 12, 86]
[9, 12, 88]
[9, 12, 90]
[9, 12, 92]
[9, 12, 96]
[9, 12, 98]
[9, 12, 100]
[9, 12, 106]
[9, 12, 108]
[9, 12, 110]
[9, 12, 114]
[9, 12, 116]
[9, 12, 118]
[9, 12, 120]
[9, 12, 124]
[9, 12, 126]
[9, 12, 128]
[9, 12, 132]
[9, 12, 134]
[9, 12, 138]
[9, 12, 140]
[9, 12, 142]
[4, 9, 12]
[9, 10, 12]
[9, 12, 18]
[9, 12, 20]
[9, 12, 22]
[9, 12, 24]
[9, 12, 34]
[9, 12, 36]
[9, 12, 38]
[9, 12, 48]
[9, 12, 60]
[9, 12, 72]
[9, 12, 80]
[9, 12, 94]
[9, 12, 104]
[9, 12, 112]
[9, 12, 130]
[9, 12, 136]
[9, 12, 144]
[6, 9, 12]
[8, 9, 12]
[9, 12, 32]
[9, 12, 40]
[9, 12, 68]
[9, 12, 102]
[12, 26, 167]
[12, 28, 167]
[12, 30, 167]
[12, 42, 167]
[12, 44, 167]
[12, 46, 167]
[12, 50, 167]
[12, 52, 167]
[12, 54, 167]
[12, 56, 167]
[12, 58, 167]
[12, 62, 167]
[12, 64, 167]
[12, 66, 167]
[12, 70, 167]
[12, 74, 167]
[12, 76, 167]
[12, 78, 167]
[12, 82, 167]
[12, 84, 167]
[12, 86, 167]
[12, 88, 167]
[12, 90, 167]
[12, 92, 167]
[12, 96, 167]
[12, 98, 167]
[12, 100, 167]
[12, 106, 167]
[12, 108, 167]
[12, 110, 167]
[12, 114, 167]
[12, 116, 167]
[12, 118, 167]
[12, 120, 167]
[12, 124, 167]
[12, 126, 167]
[12, 128, 167]
[12, 132, 167]
[12, 134, 167]
[12, 138, 167]
[12, 140, 167]
[12, 142, 167]
[4, 12, 167]
[10, 12, 167]
[12, 18, 167]
[12, 20, 167]
[12, 22, 167]
[12, 24, 167]
[12, 34, 167]
[12, 36, 167]
[12, 38, 167]
[12, 48, 167]
[12, 60, 167]
[12, 72, 167]
[12, 80, 167]
[12, 94, 167]
[12, 104, 167]
[12, 112, 167]
[12, 130, 167]
[12, 136, 167]
[12, 144, 167]
[6, 12, 167]
[8, 12, 167]
[12, 32, 167]
[12, 40, 167]
[12, 68, 167]
[12, 102, 167]
[129, 167]
[131, 167]
[5, 167]
[7, 167]
[139, 167]
[141, 167]
[19, 167]
[21, 167]
[23, 167]
[137, 167]
[25, 167]
[27, 167]
[29, 167]
[31, 167]
[133, 167]
[33, 167]
[35, 167]
[37, 167]
[39, 167]
[41, 167]
[43, 167]
[45, 167]
[47, 167]
[49, 167]
[51, 167]
[53, 167]
[55, 167]
[57, 167]
[59, 167]
[61, 167]
[63, 167]
[65, 167]
[67, 167]
[69, 167]
[71, 167]
[73, 167]
[75, 167]
[143, 167]
[77, 167]
[79, 167]
[81, 167]
[83, 167]
[85, 167]
[87, 167]
[89, 167]
[91, 167]
[135, 167]
[93, 167]
[95, 167]
[97, 167]
[99, 167]
[101, 167]
[103, 167]
[105, 167]
[107, 167]
[109, 167]
[111, 167]
[113, 167]
[115, 167]
[117, 167]
[119, 167]
[121, 167]
[123, 167]
[125, 167]
[127, 167]
[0, 167]
[26, 167]
[28, 167]
[30, 167]
[42, 167]
[44, 167]
[46, 167]
[50, 167]
[52, 167]
[54, 167]
[56, 167]
[58, 167]
[62, 167]
[64, 167]
[66, 167]
[70, 167]
[74, 167]
[76, 167]
[78, 167]
[82, 167]
[84, 167]
[86, 167]
[88, 167]
[90, 167]
[92, 167]
[96, 167]
[98, 167]
[100, 167]
[106, 167]
[108, 167]
[110, 167]
[114, 167]
[116, 167]
[118, 167]
[120, 167]
[124, 167]
[126, 167]
[128, 167]
[132, 167]
[134, 167]
[138, 167]
[140, 167]
[142, 167]
[4, 167]
[10, 167]
[18, 167]
[20, 167]
[22, 167]
[24, 167]
[34, 167]
[36, 167]
[38, 167]
[48, 167]
[9, 60, 167]
[60, 72, 167]
[60, 80, 167]
[60, 104, 167]
[60, 112, 167]
[60, 136, 167]
[60, 144, 167]
[72, 167]
[80, 167]
[9, 94, 167]
[94, 104, 167]
[94, 112, 167]
[94, 136, 167]
[94, 144, 167]
[104, 167]
[112, 167]
[9, 130, 167]
[130, 136, 167]
[130, 144, 167]
[136, 167]
[144, 167]
[6, 9, 167]
[8, 9, 167]
[9, 32, 167]
[9, 40, 167]
[9, 68, 167]
[9, 102, 167]
